time,FailOnTouchObstacleShort-1_pos_x,FailOnTouchObstacleShort-1_pos_y,FailOnTouchObstacleShort-1_pos_z,FailOnTouchObstacleShort-1_rot_x,FailOnTouchObstacleShort-1_rot_y,FailOnTouchObstacleShort-1_rot_z
1451.033,-0.0775,0.79,-0.085,0.0,0.0,0.0
1451.0439999999999,-0.0775,0.79,-0.085,-0.001,-0.001,-0.001
1451.056,-0.0775,0.79,-0.085,-0.002,-0.002,-0.002
1451.067,-0.0775,0.79,-0.085,-0.0024,-0.0024,-0.0024
1451.078,-0.0775,0.79,-0.085,-0.0025,-0.0025,-0.0025
1451.089,-0.0775,0.79,-0.085,-0.0023,-0.0023,-0.0023
1451.1,-0.0775,0.79,-0.085,-0.0022,-0.0022,-0.0022
1451.111,-0.0775,0.79,-0.085,-0.0021,-0.0021,-0.0021
1451.122,-0.0775,0.79,-0.085,-0.0021,-0.0021,-0.0021
1451.1329999999998,-0.0775,0.79,-0.085,-0.0022,-0.0022,-0.0022
1451.145,-0.0775,0.79,-0.085,-0.0022,-0.0022,-0.0022
1451.156,-0.0775,0.79,-0.085,-0.0022,-0.0022,-0.0022
1451.1670000000001,-0.0775,0.79,-0.085,-0.0022,-0.0022,-0.0022
1451.1779999999999,-0.0775,0.79,-0.085,-0.0022,-0.0022,-0.0022
1451.1889999999999,-0.0775,0.79,-0.085,-0.0022,-0.0022,-0.0022
1451.2,-0.0775,0.79,-0.085,-0.0022,-0.0022,-0.0022
1451.211,-0.0775,0.79,-0.085,-0.0022,-0.0022,-0.0022
1451.2220000000002,-0.0775,0.79,-0.085,-0.0022,-0.0022,-0.0022
1451.233,-0.0775,0.79,-0.085,-0.0022,-0.0022,-0.0022
1451.245,-0.0775,0.79,-0.085,-0.0022,-0.0022,-0.0022
1451.256,-0.0775,0.79,-0.085,-0.0022,-0.0022,-0.0022
1451.267,-0.0775,0.79,-0.085,-0.0022,-0.0022,-0.0022
1451.2779999999998,-0.0775,0.79,-0.085,-0.0022,-0.0022,-0.0022
1451.289,-0.0775,0.79,-0.085,-0.0022,-0.0022,-0.0022
1451.3,-0.0775,0.79,-0.085,-0.0022,-0.0022,-0.0022
1451.3110000000001,-0.0775,0.79,-0.085,-0.0022,-0.0022,-0.0022
1451.3220000000001,-0.0775,0.79,-0.085,-0.0022,-0.0022,-0.0022
1451.3329999999999,-0.0775,0.79,-0.085,-0.0022,-0.0022,-0.0022
1451.344,-0.0775,0.79,-0.085,-0.0022,-0.0022,-0.0022
1451.356,-0.0775,0.79,-0.085,-0.0022,-0.0022,-0.0022
1451.3670000000002,-0.0775,0.79,-0.085,-0.0022,-0.0022,-0.0022
1451.378,-0.0775,0.79,-0.085,-0.0022,-0.0022,-0.0022
1451.389,-0.0775,0.79,-0.085,-0.0022,-0.0022,-0.0022
1451.4,-0.0775,0.79,-0.085,-0.0022,-0.0022,-0.0022
1451.411,-0.0775,0.79,-0.085,-0.0022,-0.0022,-0.0022
1451.422,-0.0775,0.79,-0.085,-0.0022,-0.0022,-0.0022
1451.433,-0.0775,0.79,-0.085,-0.0022,-0.0022,-0.0022
1451.444,-0.0775,0.79,-0.085,-0.0022,-0.0022,-0.0022
1451.4560000000001,-0.0775,0.79,-0.085,-0.0022,-0.0022,-0.0022
1451.467,-0.0775,0.79,-0.085,-0.0022,-0.0022,-0.0022
1451.4779999999998,-0.0775,0.79,-0.085,-0.0022,-0.0022,-0.0022
1451.489,-0.0775,0.79,-0.085,-0.0022,-0.0022,-0.0022
1451.5,-0.0775,0.79,-0.085,-0.0022,-0.0022,-0.0022
1451.511,-0.0775,0.79,-0.085,-0.0022,-0.0022,-0.0022
1451.5220000000002,-0.0775,0.79,-0.085,-0.0022,-0.0022,-0.0022
1451.533,-0.0775,0.79,-0.085,-0.0022,-0.0022,-0.0022
1451.5439999999999,-0.0775,0.79,-0.085,-0.0022,-0.0022,-0.0022
1451.556,-0.0775,0.79,-0.085,-0.0022,-0.0022,-0.0022
1451.567,-0.0775,0.79,-0.085,-0.0022,-0.0022,-0.0022
1451.578,-0.0775,0.79,-0.085,-0.0022,-0.0022,-0.0022
1451.589,-0.0775,0.79,-0.085,-0.0022,-0.0022,-0.0022
1451.6,-0.0775,0.79,-0.085,-0.0022,-0.0022,-0.0022
1451.611,-0.0775,0.79,-0.085,-0.0022,-0.0022,-0.0022
1451.622,-0.0775,0.79,-0.085,-0.0022,-0.0022,-0.0022
1451.6329999999998,-0.0775,0.79,-0.085,-0.0022,-0.0022,-0.0022
1451.645,-0.0775,0.79,-0.085,-0.0022,-0.0022,-0.0022
1451.656,-0.0775,0.79,-0.085,-0.0022,-0.0022,-0.0022
1451.6670000000001,-0.0775,0.79,-0.085,-0.0022,-0.0022,-0.0022
1451.6779999999999,-0.0775,0.79,-0.085,-0.0022,-0.0022,-0.0022
1451.6889999999999,-0.0775,0.79,-0.085,-0.0022,-0.0022,-0.0022
1451.7,-0.0775,0.79,-0.085,-0.0022,-0.0022,-0.0022
1451.711,-0.0775,0.79,-0.085,-0.0022,-0.0022,-0.0022
1451.7220000000002,-0.0775,0.79,-0.085,-0.0022,-0.0022,-0.0022
1451.733,-0.0775,0.79,-0.085,-0.0022,-0.0022,-0.0022
1451.745,-0.0775,0.79,-0.085,-0.0022,-0.0022,-0.0022
1451.756,-0.0775,0.79,-0.085,-0.0022,-0.0022,-0.0022
1451.767,-0.0775,0.79,-0.085,-0.0022,-0.0022,-0.0022
1451.7779999999998,-0.0775,0.79,-0.085,-0.0022,-0.0022,-0.0022
1451.789,-0.0775,0.79,-0.085,-0.0022,-0.0022,-0.0022
1451.8,-0.0775,0.79,-0.085,-0.0022,-0.0022,-0.0022
1451.8110000000001,-0.0775,0.79,-0.085,-0.0022,-0.0022,-0.0022
1451.8220000000001,-0.0775,0.79,-0.085,-0.0022,-0.0022,-0.0022
1451.8329999999999,-0.0775,0.79,-0.085,-0.0022,-0.0022,-0.0022
1451.844,-0.0775,0.79,-0.085,-0.0022,-0.0022,-0.0022
1451.856,-0.0775,0.79,-0.085,-0.0022,-0.0022,-0.0022
1451.8670000000002,-0.0775,0.79,-0.085,-0.0022,-0.0022,-0.0022
1451.878,-0.0775,0.79,-0.085,-0.0022,-0.0022,-0.0022
1451.889,-0.0775,0.79,-0.085,-0.0022,-0.0022,-0.0022
1451.9,-0.0775,0.79,-0.085,-0.0022,-0.0022,-0.0022
1451.911,-0.0775,0.79,-0.085,-0.0022,-0.0022,-0.0022
1451.922,-0.0775,0.79,-0.085,-0.0022,-0.0022,-0.0022
1451.933,-0.0775,0.79,-0.085,-0.0022,-0.0022,-0.0022
1451.944,-0.0775,0.79,-0.085,-0.0022,-0.0022,-0.0022
1451.9560000000001,-0.0775,0.79,-0.085,-0.0022,-0.0022,-0.0022
1451.967,-0.0775,0.79,-0.085,-0.0022,-0.0022,-0.0022
1451.9779999999998,-0.0775,0.79,-0.085,-0.0022,-0.0022,-0.0022
1451.989,-0.0775,0.79,-0.085,-0.0022,-0.0022,-0.0022
1452.0,-0.0775,0.79,-0.085,-0.0022,-0.0022,-0.0022
1452.011,-0.0775,0.79,-0.085,-0.0022,-0.0022,-0.0022
1452.0220000000002,-0.0775,0.79,-0.085,-0.0022,-0.0022,-0.0022
1452.033,-0.0775,0.79,-0.085,-0.0022,-0.0022,-0.0022
1452.0439999999999,-0.0775,0.79,-0.085,-0.0022,-0.0022,-0.0022
1452.056,-0.0775,0.79,-0.085,-0.0022,-0.0022,-0.0022
1452.067,-0.0775,0.79,-0.085,-0.0022,-0.0022,-0.0022
1452.078,-0.0775,0.79,-0.085,-0.0022,-0.0022,-0.0022
1452.089,-0.0775,0.79,-0.085,-0.0022,-0.0022,-0.0022
1452.1,-0.0775,0.79,-0.085,-0.0022,-0.0022,-0.0022
1452.111,-0.0775,0.79,-0.085,-0.0022,-0.0022,-0.0022
1452.122,-0.0775,0.79,-0.085,-0.0022,-0.0022,-0.0022
1452.1329999999998,-0.0775,0.79,-0.085,-0.0022,-0.0022,-0.0022
1452.145,-0.0775,0.79,-0.085,-0.0022,-0.0022,-0.0022
1452.156,-0.0775,0.79,-0.085,-0.0022,-0.0022,-0.0022
1452.1670000000001,-0.0775,0.79,-0.085,-0.0022,-0.0022,-0.0022
1452.1779999999999,-0.0775,0.79,-0.085,-0.0022,-0.0022,-0.0022
1452.1889999999999,-0.0775,0.79,-0.085,-0.0022,-0.0022,-0.0022
1452.2,-0.0775,0.79,-0.085,-0.0022,-0.0022,-0.0022
1452.211,-0.0775,0.79,-0.085,-0.0022,-0.0022,-0.0022
1452.2220000000002,-0.0775,0.79,-0.085,-0.0022,-0.0022,-0.0022
1452.233,-0.0775,0.79,-0.085,-0.0022,-0.0022,-0.0022
1452.245,-0.0775,0.79,-0.085,-0.0022,-0.0022,-0.0022
1452.256,-0.0775,0.79,-0.085,-0.0022,-0.0022,-0.0022
1452.267,-0.0775,0.79,-0.085,-0.0022,-0.0022,-0.0022
1452.2779999999998,-0.0775,0.79,-0.085,-0.0022,-0.0022,-0.0022
1452.289,-0.0775,0.79,-0.085,-0.0022,-0.0022,-0.0022
1452.3,-0.0775,0.79,-0.085,-0.0022,-0.0022,-0.0022
1452.3110000000001,-0.0775,0.79,-0.085,-0.0022,-0.0022,-0.0022
1452.3220000000001,-0.0775,0.79,-0.085,-0.0022,-0.0022,-0.0022
1452.3329999999999,-0.0775,0.79,-0.085,-0.0022,-0.0022,-0.0022
1452.344,-0.0775,0.79,-0.085,-0.0022,-0.0022,-0.0022
1452.356,-0.0775,0.79,-0.085,-0.0022,-0.0022,-0.0022
1452.3670000000002,-0.0775,0.79,-0.085,-0.0022,-0.0022,-0.0022
1452.378,-0.0775,0.79,-0.085,-0.0022,-0.0022,-0.0022
1452.389,-0.0775,0.79,-0.085,-0.0022,-0.0022,-0.0022
1452.4,-0.0775,0.79,-0.085,-0.0022,-0.0022,-0.0022
1452.411,-0.0775,0.79,-0.085,-0.0022,-0.0022,-0.0022
1452.422,-0.0775,0.79,-0.085,-0.0022,-0.0022,-0.0022
1452.433,-0.0775,0.79,-0.085,-0.0022,-0.0022,-0.0022
1452.444,-0.0775,0.79,-0.085,-0.0022,-0.0022,-0.0022
1452.4560000000001,-0.0775,0.79,-0.085,-0.0022,-0.0022,-0.0022
1452.467,-0.0775,0.79,-0.085,-0.0022,-0.0022,-0.0022
1452.4779999999998,-0.0775,0.79,-0.085,-0.0022,-0.0022,-0.0022
1452.489,-0.0775,0.79,-0.085,-0.0022,-0.0022,-0.0022
1452.5,-0.0775,0.79,-0.085,-0.0022,-0.0022,-0.0022
1452.511,-0.0775,0.79,-0.085,-0.0022,-0.0022,-0.0022
1452.5220000000002,-0.0775,0.79,-0.085,-0.0022,-0.0022,-0.0022
1452.533,-0.0775,0.79,-0.085,-0.0022,-0.0022,-0.0022
1452.5439999999999,-0.0775,0.79,-0.085,-0.0022,-0.0022,-0.0022
1452.556,-0.0775,0.79,-0.085,-0.0022,-0.0022,-0.0022
1452.567,-0.0775,0.79,-0.085,-0.0022,-0.0022,-0.0022
1452.578,-0.0775,0.79,-0.085,-0.0022,-0.0022,-0.0022
1452.589,-0.0775,0.79,-0.085,-0.0022,-0.0022,-0.0022
1452.6,-0.0775,0.79,-0.085,-0.0022,-0.0022,-0.0022
1452.611,-0.0775,0.79,-0.085,-0.0022,-0.0022,-0.0022
1452.622,-0.0775,0.79,-0.085,-0.0022,-0.0022,-0.0022
1452.6329999999998,-0.0775,0.79,-0.085,-0.0022,-0.0022,-0.0022
1452.645,-0.0775,0.79,-0.085,-0.0022,-0.0022,-0.0022
1452.656,-0.0775,0.79,-0.085,-0.0022,-0.0022,-0.0022
1452.6670000000001,-0.0775,0.79,-0.085,-0.0022,-0.0022,-0.0022
1452.6779999999999,-0.0775,0.79,-0.085,-0.0022,-0.0022,-0.0022
1452.6889999999999,-0.0775,0.79,-0.085,-0.0022,-0.0022,-0.0022
1452.7,-0.0775,0.79,-0.085,-0.0022,-0.0022,-0.0022
1452.711,-0.0775,0.79,-0.085,-0.0022,-0.0022,-0.0022
1452.7220000000002,-0.0775,0.79,-0.085,-0.0022,-0.0022,-0.0022
1452.733,-0.0775,0.79,-0.085,-0.0022,-0.0022,-0.0022
1452.745,-0.0775,0.79,-0.085,-0.0022,-0.0022,-0.0022
1452.756,-0.0775,0.79,-0.085,-0.0022,-0.0022,-0.0022
1452.767,-0.0775,0.79,-0.085,-0.0022,-0.0022,-0.0022
1452.7779999999998,-0.0775,0.79,-0.085,-0.0022,-0.0022,-0.0022
1452.789,-0.0775,0.79,-0.085,-0.0022,-0.0022,-0.0022
1452.8,-0.0775,0.79,-0.085,-0.0022,-0.0022,-0.0022
1452.8110000000001,-0.0775,0.79,-0.085,-0.0022,-0.0022,-0.0022
1452.8220000000001,-0.0775,0.79,-0.085,-0.0022,-0.0022,-0.0022
1452.8329999999999,-0.0775,0.79,-0.085,-0.0022,-0.0022,-0.0022
1452.844,-0.0775,0.79,-0.085,-0.0022,-0.0022,-0.0022
1452.856,-0.0775,0.79,-0.085,-0.0022,-0.0022,-0.0022
1452.8670000000002,-0.0775,0.79,-0.085,-0.0022,-0.0022,-0.0022
1452.878,-0.0775,0.79,-0.085,-0.0022,-0.0022,-0.0022
1452.889,-0.0775,0.79,-0.085,-0.0022,-0.0022,-0.0022
1452.9,-0.0775,0.79,-0.085,-0.0022,-0.0022,-0.0022
1452.911,-0.0775,0.79,-0.085,-0.0022,-0.0022,-0.0022
1452.922,-0.0775,0.79,-0.085,-0.0022,-0.0022,-0.0022
1452.933,-0.0775,0.79,-0.085,-0.0022,-0.0022,-0.0022
1452.944,-0.0775,0.79,-0.085,-0.0022,-0.0022,-0.0022
1452.9560000000001,-0.0775,0.79,-0.085,-0.0022,-0.0022,-0.0022
1452.967,-0.0775,0.79,-0.085,-0.0022,-0.0022,-0.0022
1452.9779999999998,-0.0775,0.79,-0.085,-0.0022,-0.0022,-0.0022
1452.989,-0.0775,0.79,-0.085,-0.0022,-0.0022,-0.0022
1453.0,-0.0775,0.79,-0.085,-0.0022,-0.0022,-0.0022
1453.011,-0.0775,0.79,-0.085,-0.0022,-0.0022,-0.0022
1453.0220000000002,-0.0775,0.79,-0.085,-0.0022,-0.0022,-0.0022
1453.033,-0.0775,0.79,-0.085,-0.0022,-0.0022,-0.0022
1453.0439999999999,-0.0775,0.79,-0.085,-0.0022,-0.0022,-0.0022
1453.056,-0.0775,0.79,-0.085,-0.0022,-0.0022,-0.0022
1453.067,-0.0775,0.79,-0.085,-0.0022,-0.0022,-0.0022
1453.078,-0.0775,0.79,-0.085,-0.0022,-0.0022,-0.0022
1453.089,-0.0775,0.79,-0.085,-0.0022,-0.0022,-0.0022
1453.1,-0.0775,0.79,-0.085,-0.0022,-0.0022,-0.0022
1453.111,-0.0775,0.79,-0.085,-0.0022,-0.0022,-0.0022
1453.122,-0.0775,0.79,-0.085,-0.0022,-0.0022,-0.0022
1453.1329999999998,-0.0775,0.79,-0.085,-0.0022,-0.0022,-0.0022
1453.145,-0.0775,0.79,-0.085,-0.0022,-0.0022,-0.0022
1453.156,-0.0775,0.79,-0.085,-0.0022,-0.0022,-0.0022
1453.1670000000001,-0.0775,0.79,-0.085,-0.0022,-0.0022,-0.0022
1453.1779999999999,-0.0775,0.79,-0.085,-0.0022,-0.0022,-0.0022
1453.1889999999999,-0.0775,0.79,-0.085,-0.0022,-0.0022,-0.0022
1453.2,-0.0775,0.79,-0.085,-0.0022,-0.0022,-0.0022
1453.211,-0.0775,0.79,-0.085,-0.0022,-0.0022,-0.0022
1453.2220000000002,-0.0775,0.79,-0.085,-0.0022,-0.0022,-0.0022
1453.233,-0.0775,0.79,-0.085,-0.0022,-0.0022,-0.0022
1453.245,-0.0775,0.79,-0.085,-0.0022,-0.0022,-0.0022
1453.256,-0.0775,0.79,-0.085,-0.0022,-0.0022,-0.0022
1453.267,-0.0775,0.79,-0.085,-0.0022,-0.0022,-0.0022
1453.2779999999998,-0.0775,0.79,-0.085,-0.0022,-0.0022,-0.0022
1453.289,-0.0775,0.79,-0.085,-0.0022,-0.0022,-0.0022
1453.3,-0.0775,0.79,-0.085,-0.0022,-0.0022,-0.0022
1453.3110000000001,-0.0775,0.79,-0.085,-0.0022,-0.0022,-0.0022
1453.3220000000001,-0.0775,0.79,-0.085,-0.0022,-0.0022,-0.0022
1453.3329999999999,-0.0775,0.79,-0.085,-0.0022,-0.0022,-0.0022
1453.344,-0.0775,0.79,-0.085,-0.0022,-0.0022,-0.0022
1453.356,-0.0775,0.79,-0.085,-0.0022,-0.0022,-0.0022
1453.3670000000002,-0.0775,0.79,-0.085,-0.0022,-0.0022,-0.0022
1453.378,-0.0775,0.79,-0.085,-0.0022,-0.0022,-0.0022
1453.389,-0.0775,0.79,-0.085,-0.0022,-0.0022,-0.0022
1453.4,-0.0775,0.79,-0.085,-0.0022,-0.0022,-0.0022
1453.411,-0.0775,0.79,-0.085,-0.0022,-0.0022,-0.0022
1453.422,-0.0775,0.79,-0.085,-0.0022,-0.0022,-0.0022
1453.433,-0.0775,0.79,-0.085,-0.0022,-0.0022,-0.0022
1453.444,-0.0775,0.79,-0.085,-0.0022,-0.0022,-0.0022
1453.4560000000001,-0.0775,0.79,-0.085,-0.0022,-0.0022,-0.0022
1453.467,-0.0775,0.79,-0.085,-0.0022,-0.0022,-0.0022
1453.4779999999998,-0.0775,0.79,-0.085,-0.0022,-0.0022,-0.0022
1453.489,-0.0775,0.79,-0.085,-0.0022,-0.0022,-0.0022
1453.5,-0.0775,0.79,-0.085,-0.0022,-0.0022,-0.0022
1453.511,-0.0775,0.79,-0.085,-0.0022,-0.0022,-0.0022
1453.5220000000002,-0.0775,0.79,-0.085,-0.0022,-0.0022,-0.0022
1453.533,-0.0775,0.79,-0.085,-0.0022,-0.0022,-0.0022
1453.5439999999999,-0.0775,0.79,-0.085,-0.0022,-0.0022,-0.0022
1453.556,-0.0775,0.79,-0.085,-0.0022,-0.0022,-0.0022
1453.567,-0.0775,0.79,-0.085,-0.0022,-0.0022,-0.0022
1453.578,-0.0775,0.79,-0.085,-0.0022,-0.0022,-0.0022
1453.589,-0.0775,0.79,-0.085,-0.0022,-0.0022,-0.0022
1453.6,-0.0775,0.79,-0.085,-0.0022,-0.0022,-0.0022
1453.611,-0.0775,0.79,-0.085,-0.0022,-0.0022,-0.0022
1453.622,-0.0775,0.79,-0.085,-0.0022,-0.0022,-0.0022
1453.6329999999998,-0.0775,0.79,-0.085,-0.0022,-0.0022,-0.0022
1453.645,-0.0775,0.79,-0.085,-0.0022,-0.0022,-0.0022
1453.656,-0.0775,0.79,-0.085,-0.0022,-0.0022,-0.0022
1453.6670000000001,-0.0775,0.79,-0.085,-0.0022,-0.0022,-0.0022
1453.6779999999999,-0.0775,0.79,-0.085,-0.0022,-0.0022,-0.0022
1453.6889999999999,-0.0775,0.79,-0.085,-0.0022,-0.0022,-0.0022
1453.7,-0.0775,0.79,-0.085,-0.0022,-0.0022,-0.0022
1453.711,-0.0775,0.79,-0.085,-0.0022,-0.0022,-0.0022
1453.7220000000002,-0.0775,0.79,-0.085,-0.0022,-0.0022,-0.0022
1453.733,-0.0775,0.79,-0.085,-0.0022,-0.0022,-0.0022
1453.745,-0.0775,0.79,-0.085,-0.0022,-0.0022,-0.0022
1453.756,-0.0775,0.79,-0.085,-0.0022,-0.0022,-0.0022
1453.767,-0.0775,0.79,-0.085,-0.0022,-0.0022,-0.0022
1453.7779999999998,-0.0775,0.79,-0.085,-0.0022,-0.0022,-0.0022
1453.789,-0.0775,0.79,-0.085,-0.0022,-0.0022,-0.0022
1453.8,-0.0775,0.79,-0.085,-0.0022,-0.0022,-0.0022
1453.8110000000001,-0.0775,0.79,-0.085,-0.0022,-0.0022,-0.0022
1453.8220000000001,-0.0775,0.79,-0.085,-0.0022,-0.0022,-0.0022
1453.8329999999999,-0.0775,0.79,-0.085,-0.0022,-0.0022,-0.0022
1453.844,-0.0775,0.79,-0.085,-0.0022,-0.0022,-0.0022
1453.856,-0.0775,0.79,-0.085,-0.0022,-0.0022,-0.0022
1453.8670000000002,-0.0775,0.79,-0.085,-0.0022,-0.0022,-0.0022
1453.878,-0.0775,0.79,-0.085,-0.0022,-0.0022,-0.0022
1453.889,-0.0775,0.79,-0.085,-0.0022,-0.0022,-0.0022
1453.9,-0.0775,0.79,-0.085,-0.0022,-0.0022,-0.0022
1453.911,-0.0775,0.79,-0.085,-0.0022,-0.0022,-0.0022
1453.922,-0.0775,0.79,-0.085,-0.0022,-0.0022,-0.0022
1453.933,-0.0775,0.79,-0.085,-0.0022,-0.0022,-0.0022
1453.944,-0.0775,0.79,-0.085,-0.0022,-0.0022,-0.0022
1453.9560000000001,-0.0775,0.79,-0.085,-0.0022,-0.0022,-0.0022
1453.967,-0.0775,0.79,-0.085,-0.0022,-0.0022,-0.0022
1453.9779999999998,-0.0775,0.79,-0.085,-0.0022,-0.0022,-0.0022
1453.989,-0.0775,0.79,-0.085,-0.0022,-0.0022,-0.0022
1454.0,-0.0775,0.79,-0.085,-0.0022,-0.0022,-0.0022
1454.011,-0.0775,0.79,-0.085,-0.0022,-0.0022,-0.0022
1454.0220000000002,-0.0775,0.79,-0.085,-0.0022,-0.0022,-0.0022
1454.033,-0.0775,0.79,-0.085,-0.0022,-0.0022,-0.0022
1454.0439999999999,-0.0775,0.79,-0.085,-0.0022,-0.0022,-0.0022
1454.056,-0.0775,0.79,-0.085,-0.0022,-0.0022,-0.0022
1454.067,-0.0775,0.79,-0.085,-0.0022,-0.0022,-0.0022
1454.078,-0.0775,0.79,-0.085,-0.0022,-0.0022,-0.0022
1454.089,-0.0775,0.79,-0.085,-0.0022,-0.0022,-0.0022
1454.1,-0.0775,0.79,-0.085,-0.0022,-0.0022,-0.0022
1454.111,-0.0775,0.79,-0.085,-0.0022,-0.0022,-0.0022
1454.122,-0.0775,0.79,-0.085,-0.0022,-0.0022,-0.0022
1454.1329999999998,-0.0775,0.79,-0.085,-0.0022,-0.0022,-0.0022
1454.145,-0.0775,0.79,-0.085,-0.0022,-0.0022,-0.0022
1454.156,-0.0775,0.79,-0.085,-0.0022,-0.0022,-0.0022
1454.1670000000001,-0.0775,0.79,-0.085,-0.0022,-0.0022,-0.0022
1454.1779999999999,-0.0775,0.79,-0.085,-0.0022,-0.0022,-0.0022
1454.1889999999999,-0.0775,0.79,-0.085,-0.0022,-0.0022,-0.0022
1454.2,-0.0775,0.79,-0.085,-0.0022,-0.0022,-0.0022
1454.211,-0.0775,0.79,-0.085,-0.0022,-0.0022,-0.0022
1454.2220000000002,-0.0775,0.79,-0.085,-0.0022,-0.0022,-0.0022
1454.233,-0.0775,0.79,-0.085,-0.0022,-0.0022,-0.0022
1454.245,-0.0775,0.79,-0.085,-0.0022,-0.0022,-0.0022
1454.256,-0.0775,0.79,-0.085,-0.0022,-0.0022,-0.0022
1454.267,-0.0775,0.79,-0.085,-0.0022,-0.0022,-0.0022
1454.2779999999998,-0.0775,0.79,-0.085,-0.0022,-0.0022,-0.0022
1454.289,-0.0775,0.79,-0.085,-0.0022,-0.0022,-0.0022
1454.3,-0.0775,0.79,-0.085,-0.0022,-0.0022,-0.0022
1454.3110000000001,-0.0775,0.79,-0.085,-0.0022,-0.0022,-0.0022
1454.3220000000001,-0.0775,0.79,-0.085,-0.0022,-0.0022,-0.0022
1454.3329999999999,-0.0775,0.79,-0.085,-0.0022,-0.0022,-0.0022
1454.344,-0.0775,0.79,-0.085,-0.0022,-0.0022,-0.0022
1454.356,-0.0775,0.79,-0.085,-0.0022,-0.0022,-0.0022
1454.3670000000002,-0.0775,0.79,-0.085,-0.0022,-0.0022,-0.0022
1454.378,-0.0775,0.79,-0.085,-0.0022,-0.0022,-0.0022
1454.389,-0.0775,0.79,-0.085,-0.0022,-0.0022,-0.0022
1454.4,-0.0775,0.79,-0.085,-0.0022,-0.0022,-0.0022
1454.411,-0.0775,0.79,-0.085,-0.0022,-0.0022,-0.0022
1454.422,-0.0775,0.79,-0.085,-0.0022,-0.0022,-0.0022
1454.433,-0.0775,0.79,-0.085,-0.0022,-0.0022,-0.0022
1454.444,-0.0775,0.79,-0.085,-0.0022,-0.0022,-0.0022
1454.4560000000001,-0.0775,0.79,-0.085,-0.0022,-0.0022,-0.0022
1454.467,-0.0775,0.79,-0.085,-0.0022,-0.0022,-0.0022
1454.4779999999998,-0.0775,0.79,-0.085,-0.0022,-0.0022,-0.0022
1454.489,-0.0775,0.79,-0.085,-0.0022,-0.0022,-0.0022
1454.5,-0.0775,0.79,-0.085,-0.0022,-0.0022,-0.0022
1454.511,-0.0775,0.79,-0.085,-0.0022,-0.0022,-0.0022
1454.5220000000002,-0.0775,0.79,-0.085,-0.0022,-0.0022,-0.0022
1454.533,-0.0775,0.79,-0.085,-0.0022,-0.0022,-0.0022
1454.5439999999999,-0.0778,0.7904,-0.0839,1.0335,1.0335,1.0335
1454.556,-0.0777,0.7907,-0.0831,1.7628,1.7628,1.7628
1454.567,-0.0777,0.7909,-0.0826,2.2892,2.2892,2.2892
1454.578,-0.0776,0.7909999999999999,-0.0824,2.526,2.526,2.526
1454.589,-0.0776,0.7911,-0.0823,2.5717,2.5717,2.5717
1454.6,-0.0776,0.7909999999999999,-0.0825,2.4119,2.4119,2.4119
1454.611,-0.0776,0.7909,-0.0829,2.0492,2.0492,2.0492
1454.622,-0.0776,0.7906,-0.0835,1.4911,1.4911,1.4911
1454.6329999999998,-0.0776,0.7903,-0.0843,0.7184,0.7184,0.7184
1454.645,-0.0775,0.7901,-0.0849,0.1099,0.1099,0.1099
1454.656,-0.0775,0.79,-0.0853,359.7724,359.7724,359.7724
1454.6670000000001,-0.0776,0.79,-0.0854,359.7529,359.7529,359.7529
1454.6779999999999,-0.0776,0.79,-0.0854,359.7529,359.7529,359.7529
1454.6889999999999,-0.0775,0.79,-0.0852,359.8716,359.8716,359.8716
1454.7,-0.0775,0.79,-0.0851,359.9714,359.9714,359.9714
1454.711,-0.0775,0.79,-0.0851,0.0213,0.0213,0.0213
1454.7220000000002,-0.0775,0.79,-0.0851,0.027999999999999997,0.027999999999999997,0.027999999999999997
1454.733,-0.0775,0.79,-0.0851,0.0154,0.0154,0.0154
1454.745,-0.0775,0.79,-0.0851,0.0019,0.0019,0.0019
1454.756,-0.0775,0.79,-0.0851,-0.0052,-0.0052,-0.0052
1454.767,-0.0775,0.79,-0.0851,359.9937,359.9937,359.9937
1454.7779999999998,-0.0775,0.79,-0.0851,-0.0047,-0.0047,-0.0047
1454.789,-0.0775,0.79,-0.0851,-0.0028,-0.0028,-0.0028
1454.8,-0.0775,0.79,-0.0851,-0.0018,-0.0018,-0.0018
1454.8110000000001,-0.0775,0.79,-0.0851,-0.0017,-0.0017,-0.0017
1454.8220000000001,-0.0775,0.79,-0.0851,-0.0019,-0.0019,-0.0019
1454.8329999999999,-0.0775,0.79,-0.0851,-0.0021,-0.0021,-0.0021
1454.844,-0.0775,0.79,-0.0851,-0.0022,-0.0022,-0.0022
1454.856,-0.0775,0.79,-0.0851,-0.0023,-0.0023,-0.0023
1454.8670000000002,-0.0775,0.79,-0.0851,-0.0022,-0.0022,-0.0022
1454.878,-0.0775,0.79,-0.0851,-0.0022,-0.0022,-0.0022
1454.889,-0.0775,0.79,-0.0851,-0.0022,-0.0022,-0.0022
1454.9,-0.0775,0.79,-0.0851,-0.0022,-0.0022,-0.0022
1454.911,-0.0775,0.79,-0.0851,-0.0022,-0.0022,-0.0022
1454.922,-0.0775,0.79,-0.0851,-0.0022,-0.0022,-0.0022
1454.933,-0.0775,0.79,-0.0851,-0.0022,-0.0022,-0.0022
1454.944,-0.0775,0.79,-0.0851,-0.0022,-0.0022,-0.0022
1454.9560000000001,-0.0775,0.79,-0.0851,-0.0022,-0.0022,-0.0022
1454.967,-0.0775,0.79,-0.0851,-0.0022,-0.0022,-0.0022
1454.9779999999998,-0.0775,0.79,-0.0851,-0.0022,-0.0022,-0.0022
1454.989,-0.0775,0.79,-0.0851,-0.0022,-0.0022,-0.0022
1455.0,-0.0775,0.79,-0.0851,-0.0022,-0.0022,-0.0022
1455.011,-0.0775,0.79,-0.0851,-0.0022,-0.0022,-0.0022
1455.0220000000002,-0.0775,0.79,-0.0851,-0.0022,-0.0022,-0.0022
1455.033,-0.0775,0.79,-0.0851,-0.0022,-0.0022,-0.0022
1455.0439999999999,-0.0775,0.79,-0.0851,-0.0022,-0.0022,-0.0022
1455.056,-0.0775,0.79,-0.0851,-0.0022,-0.0022,-0.0022
1455.067,-0.0775,0.79,-0.0851,-0.0022,-0.0022,-0.0022
1455.078,-0.0775,0.79,-0.0851,-0.0022,-0.0022,-0.0022
1455.089,-0.0775,0.79,-0.0851,-0.0022,-0.0022,-0.0022
1455.1,-0.0775,0.79,-0.0851,-0.0022,-0.0022,-0.0022
1455.111,-0.0775,0.79,-0.0851,-0.0022,-0.0022,-0.0022
1455.122,-0.0775,0.79,-0.0851,-0.0022,-0.0022,-0.0022
1455.1329999999998,-0.0775,0.79,-0.0851,-0.0022,-0.0022,-0.0022
1455.145,-0.0775,0.79,-0.0851,-0.0022,-0.0022,-0.0022
1455.156,-0.0775,0.79,-0.0851,-0.0022,-0.0022,-0.0022
1455.1670000000001,-0.0775,0.79,-0.0851,-0.0022,-0.0022,-0.0022
1455.1779999999999,-0.0775,0.79,-0.0851,-0.0022,-0.0022,-0.0022
1455.1889999999999,-0.0775,0.79,-0.0851,-0.0022,-0.0022,-0.0022
1455.2,-0.0775,0.79,-0.0851,-0.0022,-0.0022,-0.0022
1455.211,-0.0775,0.79,-0.0851,-0.0022,-0.0022,-0.0022
1455.2220000000002,-0.0775,0.79,-0.0851,-0.0022,-0.0022,-0.0022
1455.233,-0.0775,0.79,-0.0851,-0.0022,-0.0022,-0.0022
1455.245,-0.0775,0.79,-0.0851,-0.0022,-0.0022,-0.0022
1455.256,-0.0775,0.79,-0.0851,-0.0022,-0.0022,-0.0022
1455.267,-0.0775,0.79,-0.0851,-0.0022,-0.0022,-0.0022
1455.2779999999998,-0.0775,0.79,-0.0851,-0.0022,-0.0022,-0.0022
1455.289,-0.0775,0.79,-0.0851,-0.0022,-0.0022,-0.0022
1455.3,-0.0775,0.79,-0.0851,-0.0022,-0.0022,-0.0022
1455.3110000000001,-0.0775,0.79,-0.0851,-0.0022,-0.0022,-0.0022
1455.3220000000001,-0.0775,0.79,-0.0851,-0.0022,-0.0022,-0.0022
1455.3329999999999,-0.0775,0.79,-0.0851,-0.0022,-0.0022,-0.0022
1455.344,-0.0775,0.79,-0.0851,-0.0022,-0.0022,-0.0022
1455.356,-0.0775,0.79,-0.0851,-0.0022,-0.0022,-0.0022
1455.3670000000002,-0.0775,0.79,-0.0851,-0.0022,-0.0022,-0.0022
1455.378,-0.0775,0.79,-0.0851,-0.0022,-0.0022,-0.0022
1455.389,-0.0775,0.79,-0.0851,-0.0022,-0.0022,-0.0022
1455.4,-0.0775,0.79,-0.0851,-0.0022,-0.0022,-0.0022
1455.411,-0.0775,0.79,-0.0851,-0.0022,-0.0022,-0.0022
1455.422,-0.0775,0.79,-0.0851,-0.0022,-0.0022,-0.0022
1455.433,-0.0775,0.79,-0.0851,-0.0022,-0.0022,-0.0022
1455.444,-0.0775,0.79,-0.0851,-0.0022,-0.0022,-0.0022
1455.4560000000001,-0.0775,0.79,-0.0851,-0.0022,-0.0022,-0.0022
1455.467,-0.0775,0.79,-0.0851,-0.0022,-0.0022,-0.0022
1455.4779999999998,-0.0775,0.79,-0.0851,-0.0022,-0.0022,-0.0022
1455.489,-0.0775,0.79,-0.0851,-0.0022,-0.0022,-0.0022
1455.5,-0.0775,0.79,-0.0851,-0.0022,-0.0022,-0.0022
1455.511,-0.0775,0.79,-0.0851,-0.0022,-0.0022,-0.0022
1455.5220000000002,-0.0775,0.79,-0.0851,-0.0022,-0.0022,-0.0022
1455.533,-0.0775,0.79,-0.0851,-0.0022,-0.0022,-0.0022
1455.5439999999999,-0.0775,0.79,-0.0851,-0.0022,-0.0022,-0.0022
1455.556,-0.0775,0.79,-0.0851,-0.0022,-0.0022,-0.0022
1455.567,-0.0775,0.79,-0.0851,-0.0022,-0.0022,-0.0022
1455.578,-0.0775,0.79,-0.0851,-0.0022,-0.0022,-0.0022
1455.589,-0.0775,0.79,-0.0851,-0.0022,-0.0022,-0.0022
1455.6,-0.0775,0.79,-0.0851,-0.0022,-0.0022,-0.0022
1455.611,-0.0775,0.79,-0.0851,-0.0022,-0.0022,-0.0022
1455.622,-0.0775,0.79,-0.0851,-0.0022,-0.0022,-0.0022
1455.6329999999998,-0.0775,0.79,-0.0851,-0.0022,-0.0022,-0.0022
1455.645,-0.0775,0.79,-0.0851,-0.0022,-0.0022,-0.0022
1455.656,-0.0775,0.79,-0.0851,-0.0022,-0.0022,-0.0022
1455.6670000000001,-0.0775,0.79,-0.0851,-0.0022,-0.0022,-0.0022
1455.6779999999999,-0.0775,0.79,-0.0851,-0.0022,-0.0022,-0.0022
1455.6889999999999,-0.0775,0.79,-0.0851,-0.0022,-0.0022,-0.0022
1455.7,-0.0775,0.79,-0.0851,-0.0022,-0.0022,-0.0022
1455.711,-0.0775,0.79,-0.0851,-0.0022,-0.0022,-0.0022
1455.7220000000002,-0.0775,0.79,-0.0851,-0.0022,-0.0022,-0.0022
1455.733,-0.0775,0.79,-0.0851,-0.0022,-0.0022,-0.0022
1455.745,-0.0775,0.79,-0.0851,-0.0022,-0.0022,-0.0022
1455.756,-0.0775,0.79,-0.0851,-0.0022,-0.0022,-0.0022
1455.767,-0.0775,0.79,-0.0851,-0.0022,-0.0022,-0.0022
1455.7779999999998,-0.0775,0.79,-0.0851,-0.0022,-0.0022,-0.0022
1455.789,-0.0775,0.79,-0.0851,-0.0022,-0.0022,-0.0022
1455.8,-0.0775,0.79,-0.0851,-0.0022,-0.0022,-0.0022
1455.8110000000001,-0.0775,0.79,-0.0851,-0.0022,-0.0022,-0.0022
1455.8220000000001,-0.0775,0.79,-0.0851,-0.0022,-0.0022,-0.0022
1455.8329999999999,-0.0775,0.79,-0.0851,-0.0022,-0.0022,-0.0022
1455.844,-0.0775,0.79,-0.0851,-0.0022,-0.0022,-0.0022
1455.856,-0.0775,0.79,-0.0851,-0.0022,-0.0022,-0.0022
1455.8670000000002,-0.0775,0.79,-0.0851,-0.0022,-0.0022,-0.0022
1455.878,-0.0775,0.79,-0.0851,-0.0022,-0.0022,-0.0022
1455.889,-0.0775,0.79,-0.0851,-0.0022,-0.0022,-0.0022
1455.9,-0.0775,0.79,-0.0851,-0.0022,-0.0022,-0.0022
1455.911,-0.0775,0.79,-0.0851,-0.0022,-0.0022,-0.0022
1455.922,-0.0775,0.79,-0.0851,-0.0022,-0.0022,-0.0022
1455.933,-0.0775,0.79,-0.0851,-0.0022,-0.0022,-0.0022
1455.944,-0.0775,0.79,-0.0851,-0.0022,-0.0022,-0.0022
1455.9560000000001,-0.0775,0.79,-0.0851,-0.0022,-0.0022,-0.0022
1455.967,-0.0775,0.79,-0.0851,-0.0022,-0.0022,-0.0022
1455.9779999999998,-0.0775,0.79,-0.0851,-0.0022,-0.0022,-0.0022
1455.989,-0.0775,0.79,-0.0851,-0.0022,-0.0022,-0.0022
1456.0,-0.0775,0.79,-0.0851,-0.0022,-0.0022,-0.0022
1456.011,-0.0775,0.79,-0.0851,-0.0022,-0.0022,-0.0022
1456.0220000000002,-0.0775,0.79,-0.0851,-0.0022,-0.0022,-0.0022
1456.033,-0.0775,0.79,-0.0851,-0.0022,-0.0022,-0.0022
1456.0439999999999,-0.0775,0.79,-0.0851,-0.0022,-0.0022,-0.0022
1456.056,-0.0775,0.79,-0.0851,-0.0022,-0.0022,-0.0022
1456.067,-0.0775,0.79,-0.0851,-0.0022,-0.0022,-0.0022
1456.078,-0.0775,0.79,-0.0851,-0.0022,-0.0022,-0.0022
1456.089,-0.0775,0.79,-0.0851,-0.0022,-0.0022,-0.0022
1456.1,-0.0775,0.79,-0.0851,-0.0022,-0.0022,-0.0022
1456.111,-0.0775,0.79,-0.0851,-0.0022,-0.0022,-0.0022
1456.122,-0.0775,0.79,-0.0851,-0.0022,-0.0022,-0.0022
1456.1329999999998,-0.0775,0.79,-0.0851,-0.0022,-0.0022,-0.0022
1456.145,-0.0775,0.79,-0.0851,-0.0022,-0.0022,-0.0022
1456.156,-0.0775,0.79,-0.0851,-0.0022,-0.0022,-0.0022
1456.1670000000001,-0.0775,0.79,-0.0851,-0.0022,-0.0022,-0.0022
1456.1779999999999,-0.0775,0.79,-0.0851,-0.0022,-0.0022,-0.0022
1456.1889999999999,-0.0775,0.79,-0.0851,-0.0022,-0.0022,-0.0022
1456.2,-0.0775,0.79,-0.0851,-0.0022,-0.0022,-0.0022
1456.211,-0.0775,0.79,-0.0851,-0.0022,-0.0022,-0.0022
1456.2220000000002,-0.0775,0.79,-0.0851,-0.0022,-0.0022,-0.0022
1456.233,-0.0775,0.79,-0.0851,-0.0022,-0.0022,-0.0022
1456.245,-0.0775,0.79,-0.0851,-0.0022,-0.0022,-0.0022
1456.256,-0.0775,0.79,-0.0851,-0.0022,-0.0022,-0.0022
1456.267,-0.0775,0.79,-0.0851,-0.0022,-0.0022,-0.0022
1456.2779999999998,-0.0775,0.79,-0.0851,-0.0022,-0.0022,-0.0022
1456.289,-0.0775,0.79,-0.0851,-0.0022,-0.0022,-0.0022
1456.3,-0.0775,0.79,-0.0851,-0.0022,-0.0022,-0.0022
1456.3110000000001,-0.0775,0.79,-0.0851,-0.0022,-0.0022,-0.0022
1456.3220000000001,-0.0775,0.79,-0.0851,-0.0022,-0.0022,-0.0022
1456.3329999999999,-0.0775,0.79,-0.0851,-0.0022,-0.0022,-0.0022
1456.344,-0.0775,0.79,-0.0851,-0.0022,-0.0022,-0.0022
1456.356,-0.0775,0.79,-0.0851,-0.0022,-0.0022,-0.0022
1456.3670000000002,-0.0775,0.79,-0.0851,-0.0022,-0.0022,-0.0022
1456.378,-0.0775,0.79,-0.0851,-0.0022,-0.0022,-0.0022
1456.389,-0.0775,0.79,-0.0851,-0.0022,-0.0022,-0.0022
1456.4,-0.0775,0.79,-0.0851,-0.0022,-0.0022,-0.0022
1456.411,-0.0775,0.79,-0.0851,-0.0022,-0.0022,-0.0022
1456.422,-0.0775,0.79,-0.0851,-0.0022,-0.0022,-0.0022
1456.433,-0.0775,0.79,-0.0851,-0.0022,-0.0022,-0.0022
1456.444,-0.0775,0.79,-0.0851,-0.0022,-0.0022,-0.0022
1456.4560000000001,-0.0775,0.79,-0.0851,-0.0022,-0.0022,-0.0022
1456.467,-0.0775,0.79,-0.0851,-0.0022,-0.0022,-0.0022
1456.4779999999998,-0.0775,0.79,-0.0851,-0.0022,-0.0022,-0.0022
1456.489,-0.0775,0.79,-0.0851,-0.0022,-0.0022,-0.0022
1456.5,-0.0775,0.79,-0.0851,-0.0022,-0.0022,-0.0022
1456.511,-0.0775,0.79,-0.0851,-0.0022,-0.0022,-0.0022
1456.5220000000002,-0.0775,0.79,-0.0851,-0.0022,-0.0022,-0.0022
1456.533,-0.0775,0.79,-0.0851,-0.0022,-0.0022,-0.0022
1456.5439999999999,-0.0775,0.79,-0.0851,-0.0022,-0.0022,-0.0022
1456.556,-0.0775,0.79,-0.0851,-0.0022,-0.0022,-0.0022
1456.567,-0.0775,0.79,-0.0851,-0.0022,-0.0022,-0.0022
1456.578,-0.0775,0.79,-0.0851,-0.0022,-0.0022,-0.0022
1456.589,-0.0775,0.79,-0.0851,-0.0022,-0.0022,-0.0022
1456.6,-0.0775,0.79,-0.0851,-0.0022,-0.0022,-0.0022
1456.611,-0.0775,0.79,-0.0851,-0.0022,-0.0022,-0.0022
1456.622,-0.0775,0.79,-0.0851,-0.0022,-0.0022,-0.0022
1456.6329999999998,-0.0775,0.79,-0.0851,-0.0022,-0.0022,-0.0022
1456.645,-0.0775,0.79,-0.0851,-0.0022,-0.0022,-0.0022
1456.656,-0.0775,0.79,-0.0851,-0.0022,-0.0022,-0.0022
1456.6670000000001,-0.0775,0.79,-0.0851,-0.0022,-0.0022,-0.0022
1456.6779999999999,-0.0775,0.79,-0.0851,-0.0022,-0.0022,-0.0022
1456.6889999999999,-0.0775,0.79,-0.0851,-0.0022,-0.0022,-0.0022
1456.7,-0.0775,0.79,-0.0851,-0.0022,-0.0022,-0.0022
1456.711,-0.0775,0.79,-0.0851,-0.0022,-0.0022,-0.0022
1456.7220000000002,-0.0775,0.79,-0.0851,-0.0022,-0.0022,-0.0022
1456.733,-0.0775,0.79,-0.0851,-0.0022,-0.0022,-0.0022
1456.745,-0.0775,0.79,-0.0851,-0.0022,-0.0022,-0.0022
1456.756,-0.0775,0.79,-0.0851,-0.0022,-0.0022,-0.0022
1456.767,-0.0775,0.79,-0.0851,-0.0022,-0.0022,-0.0022
1456.7779999999998,-0.0775,0.79,-0.0851,-0.0022,-0.0022,-0.0022
1456.789,-0.0775,0.79,-0.0851,-0.0022,-0.0022,-0.0022
1456.8,-0.0775,0.79,-0.0851,-0.0022,-0.0022,-0.0022
1456.8110000000001,-0.0775,0.79,-0.0851,-0.0022,-0.0022,-0.0022
1456.8220000000001,-0.0775,0.79,-0.0851,-0.0022,-0.0022,-0.0022
1456.8329999999999,-0.0775,0.79,-0.0851,-0.0022,-0.0022,-0.0022
1456.844,-0.0775,0.79,-0.0851,-0.0022,-0.0022,-0.0022
1456.856,-0.0775,0.79,-0.0851,-0.0022,-0.0022,-0.0022
1456.8670000000002,-0.0775,0.79,-0.0851,-0.0022,-0.0022,-0.0022
1456.878,-0.0775,0.79,-0.0851,-0.0022,-0.0022,-0.0022
1456.889,-0.0775,0.79,-0.0851,-0.0022,-0.0022,-0.0022
1456.9,-0.0775,0.79,-0.0851,-0.0022,-0.0022,-0.0022
1456.911,-0.0775,0.79,-0.0851,-0.0022,-0.0022,-0.0022
1456.922,-0.0775,0.79,-0.0851,-0.0022,-0.0022,-0.0022
1456.933,-0.0775,0.79,-0.0851,-0.0022,-0.0022,-0.0022
1456.944,-0.0775,0.79,-0.0851,-0.0022,-0.0022,-0.0022
1456.9560000000001,-0.0775,0.79,-0.0851,-0.0022,-0.0022,-0.0022
1456.967,-0.0775,0.79,-0.0851,-0.0022,-0.0022,-0.0022
1456.9779999999998,-0.0775,0.79,-0.0851,-0.0022,-0.0022,-0.0022
1456.989,-0.0775,0.79,-0.0851,-0.0022,-0.0022,-0.0022
1457.0,-0.0775,0.79,-0.0851,-0.0022,-0.0022,-0.0022
1457.011,-0.0775,0.79,-0.0851,-0.0022,-0.0022,-0.0022
1457.0220000000002,-0.0775,0.79,-0.0851,-0.0022,-0.0022,-0.0022
1457.033,-0.0775,0.79,-0.0851,-0.0022,-0.0022,-0.0022
1457.0439999999999,-0.0775,0.79,-0.0851,-0.0022,-0.0022,-0.0022
1457.056,-0.0775,0.79,-0.0851,-0.0022,-0.0022,-0.0022
1457.067,-0.0775,0.79,-0.0851,-0.0022,-0.0022,-0.0022
1457.078,-0.0775,0.79,-0.0851,-0.0022,-0.0022,-0.0022
1457.089,-0.0775,0.79,-0.0851,-0.0022,-0.0022,-0.0022
1457.1,-0.0775,0.79,-0.0851,-0.0022,-0.0022,-0.0022
1457.111,-0.0775,0.79,-0.0851,-0.0022,-0.0022,-0.0022
1457.122,-0.0775,0.79,-0.0851,-0.0022,-0.0022,-0.0022
1457.1329999999998,-0.0775,0.79,-0.0851,-0.0022,-0.0022,-0.0022
1457.145,-0.0775,0.79,-0.0851,-0.0022,-0.0022,-0.0022
1457.156,-0.0775,0.79,-0.0851,-0.0022,-0.0022,-0.0022
1457.1670000000001,-0.0775,0.79,-0.0851,-0.0022,-0.0022,-0.0022
1457.1779999999999,-0.0775,0.79,-0.0851,-0.0022,-0.0022,-0.0022
1457.1889999999999,-0.0775,0.79,-0.0851,-0.0022,-0.0022,-0.0022
1457.2,-0.0775,0.79,-0.0851,-0.0022,-0.0022,-0.0022
1457.211,-0.0775,0.79,-0.0851,-0.0022,-0.0022,-0.0022
1457.2220000000002,-0.0775,0.79,-0.0851,-0.0022,-0.0022,-0.0022
1457.233,-0.0775,0.79,-0.0851,-0.0022,-0.0022,-0.0022
1457.245,-0.0775,0.79,-0.0851,-0.0022,-0.0022,-0.0022
1457.256,-0.0775,0.79,-0.0851,-0.0022,-0.0022,-0.0022
1457.267,-0.0775,0.79,-0.0851,-0.0022,-0.0022,-0.0022
1457.2779999999998,-0.0775,0.79,-0.0851,-0.0022,-0.0022,-0.0022
1457.289,-0.0775,0.79,-0.0851,-0.0022,-0.0022,-0.0022
1457.3,-0.0775,0.79,-0.0851,-0.0022,-0.0022,-0.0022
1457.3110000000001,-0.0775,0.79,-0.0851,-0.0022,-0.0022,-0.0022
1457.3220000000001,-0.0775,0.79,-0.0851,-0.0022,-0.0022,-0.0022
1457.3329999999999,-0.0775,0.79,-0.0851,-0.0022,-0.0022,-0.0022
1457.344,-0.0775,0.79,-0.0851,-0.0022,-0.0022,-0.0022
1457.356,-0.0775,0.79,-0.0851,-0.0022,-0.0022,-0.0022
1457.3670000000002,-0.0775,0.79,-0.0851,-0.0022,-0.0022,-0.0022
1457.378,-0.0775,0.79,-0.0851,-0.0022,-0.0022,-0.0022
1457.389,-0.0775,0.79,-0.0851,-0.0022,-0.0022,-0.0022
1457.4,-0.0775,0.79,-0.0851,-0.0022,-0.0022,-0.0022
1457.411,-0.0775,0.79,-0.0851,-0.0022,-0.0022,-0.0022
1457.422,-0.0775,0.79,-0.0851,-0.0022,-0.0022,-0.0022
1457.433,-0.0775,0.79,-0.0851,-0.0022,-0.0022,-0.0022
1457.444,-0.0775,0.79,-0.0851,-0.0022,-0.0022,-0.0022
1457.4560000000001,-0.0775,0.79,-0.0851,-0.0022,-0.0022,-0.0022
1457.467,-0.0775,0.79,-0.0851,-0.0022,-0.0022,-0.0022
1457.4779999999998,-0.0775,0.79,-0.0851,-0.0022,-0.0022,-0.0022
1457.489,-0.0775,0.79,-0.0851,-0.0022,-0.0022,-0.0022
1457.5,-0.0775,0.79,-0.0851,-0.0022,-0.0022,-0.0022
1457.511,-0.0775,0.79,-0.0851,-0.0022,-0.0022,-0.0022
1457.5220000000002,-0.0775,0.79,-0.0851,-0.0022,-0.0022,-0.0022
1457.533,-0.0775,0.79,-0.0851,-0.0022,-0.0022,-0.0022
1457.5439999999999,-0.0775,0.79,-0.0851,-0.0022,-0.0022,-0.0022
1457.556,-0.0775,0.79,-0.0851,-0.0022,-0.0022,-0.0022
1457.567,-0.0775,0.79,-0.0851,-0.0022,-0.0022,-0.0022
1457.578,-0.0775,0.79,-0.0851,-0.0022,-0.0022,-0.0022
1457.589,-0.0775,0.79,-0.0851,-0.0022,-0.0022,-0.0022
1457.6,-0.0775,0.79,-0.0851,-0.0022,-0.0022,-0.0022
1457.611,-0.0775,0.79,-0.0851,-0.0022,-0.0022,-0.0022
1457.622,-0.0775,0.79,-0.0851,-0.0022,-0.0022,-0.0022
1457.6329999999998,-0.0775,0.79,-0.0851,-0.0022,-0.0022,-0.0022
1457.645,-0.0775,0.79,-0.0851,-0.0022,-0.0022,-0.0022
1457.656,-0.0775,0.79,-0.0851,-0.0022,-0.0022,-0.0022
1457.6670000000001,-0.0775,0.79,-0.0851,-0.0022,-0.0022,-0.0022
1457.6779999999999,-0.0775,0.79,-0.0851,-0.0022,-0.0022,-0.0022
1457.6889999999999,-0.0775,0.79,-0.0851,-0.0022,-0.0022,-0.0022
1457.7,-0.0775,0.79,-0.0851,-0.0022,-0.0022,-0.0022
1457.711,-0.0775,0.79,-0.0851,-0.0022,-0.0022,-0.0022
1457.7220000000002,-0.0775,0.79,-0.0851,-0.0022,-0.0022,-0.0022
1457.733,-0.0775,0.79,-0.0851,-0.0022,-0.0022,-0.0022
1457.745,-0.0775,0.79,-0.0851,-0.0022,-0.0022,-0.0022
1457.756,-0.0775,0.79,-0.0851,-0.0022,-0.0022,-0.0022
1457.767,-0.0775,0.79,-0.0851,-0.0022,-0.0022,-0.0022
1457.7779999999998,-0.0775,0.79,-0.0851,-0.0022,-0.0022,-0.0022
1457.789,-0.0775,0.79,-0.0851,-0.0022,-0.0022,-0.0022
1457.8,-0.0775,0.79,-0.0851,-0.0022,-0.0022,-0.0022
1457.8110000000001,-0.0775,0.79,-0.0851,-0.0022,-0.0022,-0.0022
1457.8220000000001,-0.0775,0.79,-0.0851,-0.0022,-0.0022,-0.0022
1457.8329999999999,-0.0775,0.79,-0.0851,-0.0022,-0.0022,-0.0022
1457.844,-0.0775,0.79,-0.0851,-0.0022,-0.0022,-0.0022
1457.856,-0.0775,0.79,-0.0851,-0.0022,-0.0022,-0.0022
1457.8670000000002,-0.0775,0.79,-0.0851,-0.0022,-0.0022,-0.0022
1457.878,-0.0775,0.79,-0.0851,-0.0022,-0.0022,-0.0022
1457.889,-0.0775,0.79,-0.0851,-0.0022,-0.0022,-0.0022
1457.9,-0.0775,0.79,-0.0851,-0.0022,-0.0022,-0.0022
1457.911,-0.0775,0.79,-0.0851,-0.0022,-0.0022,-0.0022
1457.922,-0.0775,0.79,-0.0851,-0.0022,-0.0022,-0.0022
1457.933,-0.0775,0.79,-0.0851,-0.0022,-0.0022,-0.0022
1457.944,-0.0775,0.79,-0.0851,-0.0022,-0.0022,-0.0022
1457.9560000000001,-0.0775,0.79,-0.0851,-0.0022,-0.0022,-0.0022
1457.967,-0.0775,0.79,-0.0851,-0.0022,-0.0022,-0.0022
1457.9779999999998,-0.0775,0.79,-0.0851,-0.0022,-0.0022,-0.0022
1457.989,-0.0775,0.79,-0.0851,-0.0022,-0.0022,-0.0022
1458.0,-0.0775,0.79,-0.0851,-0.0022,-0.0022,-0.0022
1458.011,-0.0775,0.79,-0.0851,-0.0022,-0.0022,-0.0022
1458.0220000000002,-0.0775,0.79,-0.0851,-0.0022,-0.0022,-0.0022
1458.033,-0.0775,0.79,-0.0851,-0.0022,-0.0022,-0.0022
1458.0439999999999,-0.0775,0.79,-0.0851,-0.0022,-0.0022,-0.0022
1458.056,-0.0775,0.79,-0.0851,-0.0022,-0.0022,-0.0022
1458.067,-0.0775,0.79,-0.0851,-0.0022,-0.0022,-0.0022
1458.078,-0.0775,0.79,-0.0851,-0.0022,-0.0022,-0.0022
1458.089,-0.0775,0.79,-0.0851,-0.0022,-0.0022,-0.0022
1458.1,-0.0775,0.79,-0.0851,-0.0022,-0.0022,-0.0022
1458.111,-0.0775,0.79,-0.0851,-0.0022,-0.0022,-0.0022
1458.122,-0.0775,0.79,-0.0851,-0.0022,-0.0022,-0.0022
1458.1329999999998,-0.0775,0.79,-0.0851,-0.0022,-0.0022,-0.0022
1458.145,-0.0775,0.79,-0.0851,-0.0022,-0.0022,-0.0022
1458.156,-0.0775,0.79,-0.0851,-0.0022,-0.0022,-0.0022
1458.1670000000001,-0.0775,0.79,-0.0851,-0.0022,-0.0022,-0.0022
1458.1779999999999,-0.0775,0.79,-0.0851,-0.0022,-0.0022,-0.0022
1458.1889999999999,-0.0775,0.79,-0.0851,-0.0022,-0.0022,-0.0022
1458.2,-0.0775,0.79,-0.0851,-0.0022,-0.0022,-0.0022
1458.211,-0.0775,0.79,-0.0851,-0.0022,-0.0022,-0.0022
1458.2220000000002,-0.0775,0.79,-0.0851,-0.0022,-0.0022,-0.0022
1458.233,-0.0775,0.79,-0.0851,-0.0022,-0.0022,-0.0022
1458.245,-0.0775,0.79,-0.0851,-0.0022,-0.0022,-0.0022
1458.256,-0.0775,0.79,-0.0851,-0.0022,-0.0022,-0.0022
1458.267,-0.0775,0.79,-0.0851,-0.0022,-0.0022,-0.0022
1458.2779999999998,-0.0775,0.79,-0.0851,-0.0022,-0.0022,-0.0022
1458.289,-0.0775,0.79,-0.0851,-0.0022,-0.0022,-0.0022
1458.3,-0.0775,0.79,-0.0851,-0.0022,-0.0022,-0.0022
1458.3110000000001,-0.0775,0.79,-0.0851,-0.0022,-0.0022,-0.0022
1458.3220000000001,-0.0775,0.79,-0.0851,-0.0022,-0.0022,-0.0022
1458.3329999999999,-0.0775,0.79,-0.0851,-0.0022,-0.0022,-0.0022
1458.344,-0.0775,0.79,-0.0851,-0.0022,-0.0022,-0.0022
1458.356,-0.0775,0.79,-0.0851,-0.0022,-0.0022,-0.0022
1458.3670000000002,-0.0775,0.79,-0.0851,-0.0022,-0.0022,-0.0022
1458.378,-0.0775,0.79,-0.0851,-0.0022,-0.0022,-0.0022
1458.389,-0.0775,0.79,-0.0851,-0.0022,-0.0022,-0.0022
1458.4,-0.0775,0.79,-0.0851,-0.0022,-0.0022,-0.0022
1458.411,-0.0775,0.79,-0.0851,-0.0022,-0.0022,-0.0022
1458.422,-0.0775,0.79,-0.0851,-0.0022,-0.0022,-0.0022
1458.433,-0.0775,0.79,-0.0851,-0.0022,-0.0022,-0.0022
1458.444,-0.0775,0.79,-0.0851,-0.0022,-0.0022,-0.0022
1458.4560000000001,-0.0775,0.79,-0.0851,-0.0022,-0.0022,-0.0022
1458.467,-0.0775,0.79,-0.0851,-0.0022,-0.0022,-0.0022
1458.4779999999998,-0.0775,0.79,-0.0851,-0.0022,-0.0022,-0.0022
1458.489,-0.0775,0.79,-0.0851,-0.0022,-0.0022,-0.0022
1458.5,-0.0775,0.79,-0.0851,-0.0022,-0.0022,-0.0022
1458.511,-0.0775,0.79,-0.0851,-0.0022,-0.0022,-0.0022
1458.5220000000002,-0.0775,0.79,-0.0851,-0.0022,-0.0022,-0.0022
1458.533,-0.0775,0.79,-0.0851,-0.0022,-0.0022,-0.0022
1458.5439999999999,-0.0775,0.79,-0.0851,-0.0022,-0.0022,-0.0022
1458.556,-0.0775,0.79,-0.0851,-0.0022,-0.0022,-0.0022
1458.567,-0.0775,0.79,-0.0851,-0.0022,-0.0022,-0.0022
1458.578,-0.0775,0.79,-0.0851,-0.0022,-0.0022,-0.0022
1458.589,-0.0775,0.79,-0.0851,-0.0022,-0.0022,-0.0022
1458.6,-0.0775,0.79,-0.0851,-0.0022,-0.0022,-0.0022
1458.611,-0.0775,0.79,-0.0851,-0.0022,-0.0022,-0.0022
1458.622,-0.0775,0.79,-0.0851,-0.0022,-0.0022,-0.0022
1458.6329999999998,-0.0775,0.79,-0.0851,-0.0022,-0.0022,-0.0022
1458.645,-0.0775,0.79,-0.0851,-0.0022,-0.0022,-0.0022
1458.656,-0.0775,0.79,-0.0851,-0.0022,-0.0022,-0.0022
1458.6670000000001,-0.0775,0.79,-0.0851,-0.0022,-0.0022,-0.0022
1458.6779999999999,-0.0775,0.79,-0.0851,-0.0022,-0.0022,-0.0022
1458.6889999999999,-0.0775,0.79,-0.0851,-0.0022,-0.0022,-0.0022
1458.7,-0.0775,0.79,-0.0851,-0.0022,-0.0022,-0.0022
1458.711,-0.0775,0.79,-0.0851,-0.0022,-0.0022,-0.0022
1458.7220000000002,-0.0775,0.79,-0.0851,-0.0022,-0.0022,-0.0022
1458.733,-0.0775,0.79,-0.0851,-0.0022,-0.0022,-0.0022
1458.745,-0.0775,0.79,-0.0851,-0.0022,-0.0022,-0.0022
1458.756,-0.0775,0.79,-0.0851,-0.0022,-0.0022,-0.0022
1458.767,-0.0775,0.79,-0.0851,-0.0022,-0.0022,-0.0022
1458.7779999999998,-0.0775,0.79,-0.0851,-0.0022,-0.0022,-0.0022
1458.789,-0.0775,0.79,-0.0851,-0.0022,-0.0022,-0.0022
1458.8,-0.0775,0.79,-0.0851,-0.0022,-0.0022,-0.0022
1458.8110000000001,-0.0775,0.79,-0.0851,-0.0022,-0.0022,-0.0022
1458.8220000000001,-0.0775,0.79,-0.0851,-0.0022,-0.0022,-0.0022
1458.8329999999999,-0.0775,0.79,-0.0851,-0.0022,-0.0022,-0.0022
1458.844,-0.0775,0.79,-0.0851,-0.0022,-0.0022,-0.0022
1458.856,-0.0775,0.79,-0.0851,-0.0022,-0.0022,-0.0022
1458.8670000000002,-0.0775,0.79,-0.0851,-0.0022,-0.0022,-0.0022
1458.878,-0.0775,0.79,-0.0851,-0.0022,-0.0022,-0.0022
1458.889,-0.0775,0.79,-0.0851,-0.0022,-0.0022,-0.0022
1458.9,-0.0775,0.79,-0.0851,-0.0022,-0.0022,-0.0022
1458.911,-0.0775,0.79,-0.0851,-0.0022,-0.0022,-0.0022
1458.922,-0.0775,0.79,-0.0851,-0.0022,-0.0022,-0.0022
1458.933,-0.0775,0.79,-0.0851,-0.0022,-0.0022,-0.0022
1458.944,-0.0775,0.79,-0.0851,-0.0022,-0.0022,-0.0022
1458.9560000000001,-0.0775,0.79,-0.0851,-0.0022,-0.0022,-0.0022
1458.967,-0.0775,0.79,-0.0851,-0.0022,-0.0022,-0.0022
1458.9779999999998,-0.0775,0.79,-0.0851,-0.0022,-0.0022,-0.0022
1458.989,-0.0775,0.79,-0.0851,-0.0022,-0.0022,-0.0022
1459.0,-0.0775,0.79,-0.0851,-0.0022,-0.0022,-0.0022
1459.011,-0.0775,0.79,-0.0851,-0.0022,-0.0022,-0.0022
1459.0220000000002,-0.0775,0.79,-0.0851,-0.0022,-0.0022,-0.0022
1459.033,-0.0775,0.79,-0.0851,-0.0022,-0.0022,-0.0022
1459.0439999999999,-0.0775,0.79,-0.0851,-0.0022,-0.0022,-0.0022
1459.056,-0.0775,0.79,-0.0851,-0.0022,-0.0022,-0.0022
1459.067,-0.0775,0.79,-0.0851,-0.0022,-0.0022,-0.0022
1459.078,-0.0775,0.79,-0.0851,-0.0022,-0.0022,-0.0022
1459.089,-0.0775,0.79,-0.0851,-0.0022,-0.0022,-0.0022
1459.1,-0.0775,0.79,-0.0851,-0.0022,-0.0022,-0.0022
1459.111,-0.0775,0.79,-0.0851,-0.0022,-0.0022,-0.0022
1459.122,-0.0775,0.79,-0.0851,-0.0022,-0.0022,-0.0022
1459.1329999999998,-0.0775,0.79,-0.0851,-0.0022,-0.0022,-0.0022
1459.145,-0.0775,0.79,-0.0851,-0.0022,-0.0022,-0.0022
1459.156,-0.0775,0.79,-0.0851,-0.0022,-0.0022,-0.0022
1459.1670000000001,-0.0775,0.79,-0.0851,-0.0022,-0.0022,-0.0022
1459.1779999999999,-0.0775,0.79,-0.0851,-0.0022,-0.0022,-0.0022
1459.1889999999999,-0.0775,0.79,-0.0851,-0.0022,-0.0022,-0.0022
1459.2,-0.0775,0.79,-0.0851,-0.0022,-0.0022,-0.0022
1459.211,-0.0775,0.79,-0.0851,-0.0022,-0.0022,-0.0022
1459.2220000000002,-0.0775,0.79,-0.0851,-0.0022,-0.0022,-0.0022
1459.233,-0.0775,0.79,-0.0851,-0.0022,-0.0022,-0.0022
1459.245,-0.0775,0.79,-0.0851,-0.0022,-0.0022,-0.0022
1459.256,-0.0775,0.79,-0.0851,-0.0022,-0.0022,-0.0022
1459.267,-0.0775,0.79,-0.0851,-0.0022,-0.0022,-0.0022
1459.2779999999998,-0.0775,0.79,-0.0851,-0.0022,-0.0022,-0.0022
1459.289,-0.0775,0.79,-0.0851,-0.0022,-0.0022,-0.0022
1459.3,-0.0775,0.79,-0.0851,-0.0022,-0.0022,-0.0022
1459.3110000000001,-0.0775,0.79,-0.0851,-0.0022,-0.0022,-0.0022
1459.3220000000001,-0.0775,0.79,-0.0851,-0.0022,-0.0022,-0.0022
1459.3329999999999,-0.0775,0.79,-0.0851,-0.0022,-0.0022,-0.0022
1459.344,-0.0775,0.79,-0.0851,-0.0022,-0.0022,-0.0022
1459.356,-0.0775,0.79,-0.0851,-0.0022,-0.0022,-0.0022
1459.3670000000002,-0.0775,0.79,-0.0851,-0.0022,-0.0022,-0.0022
1459.378,-0.0775,0.79,-0.0851,-0.0022,-0.0022,-0.0022
1459.389,-0.0775,0.79,-0.0851,-0.0022,-0.0022,-0.0022
1459.4,-0.0775,0.79,-0.0851,-0.0022,-0.0022,-0.0022
1459.411,-0.0775,0.79,-0.0851,-0.0022,-0.0022,-0.0022
1459.422,-0.0775,0.79,-0.0851,-0.0022,-0.0022,-0.0022
1459.433,-0.0775,0.79,-0.0851,-0.0022,-0.0022,-0.0022
1459.444,-0.0775,0.79,-0.0851,-0.0022,-0.0022,-0.0022
1459.4560000000001,-0.0775,0.79,-0.0851,-0.0022,-0.0022,-0.0022
1459.467,-0.0775,0.79,-0.0851,-0.0022,-0.0022,-0.0022
1459.4779999999998,-0.0775,0.79,-0.0851,-0.0022,-0.0022,-0.0022
1459.489,-0.0775,0.79,-0.0851,-0.0022,-0.0022,-0.0022
1459.5,-0.0775,0.79,-0.0851,-0.0022,-0.0022,-0.0022
1459.511,-0.0775,0.79,-0.0851,-0.0022,-0.0022,-0.0022
1459.5220000000002,-0.0775,0.79,-0.0851,-0.0022,-0.0022,-0.0022
1459.533,-0.0775,0.79,-0.0851,-0.0022,-0.0022,-0.0022
1459.5439999999999,-0.0775,0.79,-0.0851,-0.0022,-0.0022,-0.0022
1459.556,-0.0775,0.79,-0.0851,-0.0022,-0.0022,-0.0022
1459.567,-0.0775,0.79,-0.0851,-0.0022,-0.0022,-0.0022
1459.578,-0.0775,0.79,-0.0851,-0.0022,-0.0022,-0.0022
1459.589,-0.0775,0.79,-0.0851,-0.0022,-0.0022,-0.0022
1459.6,-0.0775,0.79,-0.0851,-0.0022,-0.0022,-0.0022
1459.611,-0.0775,0.79,-0.0851,-0.0022,-0.0022,-0.0022
1459.622,-0.0775,0.79,-0.0851,-0.0022,-0.0022,-0.0022
1459.6329999999998,-0.0775,0.79,-0.0851,-0.0022,-0.0022,-0.0022
1459.645,-0.0775,0.79,-0.0851,-0.0022,-0.0022,-0.0022
1459.656,-0.0775,0.79,-0.0851,-0.0022,-0.0022,-0.0022
1459.6670000000001,-0.0775,0.79,-0.0851,-0.0022,-0.0022,-0.0022
1459.6779999999999,-0.0775,0.79,-0.0851,-0.0022,-0.0022,-0.0022
1459.6889999999999,-0.0775,0.79,-0.0851,-0.0022,-0.0022,-0.0022
1459.7,-0.0775,0.79,-0.0851,-0.0022,-0.0022,-0.0022
1459.711,-0.0775,0.79,-0.0851,-0.0022,-0.0022,-0.0022
1459.7220000000002,-0.0775,0.79,-0.0851,-0.0022,-0.0022,-0.0022
1459.733,-0.0775,0.79,-0.0851,-0.0022,-0.0022,-0.0022
1459.745,-0.0775,0.79,-0.0851,-0.0022,-0.0022,-0.0022
1459.756,-0.0775,0.79,-0.0851,-0.0022,-0.0022,-0.0022
1459.767,-0.0775,0.79,-0.0851,-0.0022,-0.0022,-0.0022
1459.7779999999998,-0.0775,0.79,-0.0851,-0.0022,-0.0022,-0.0022
1459.789,-0.0775,0.79,-0.0851,-0.0022,-0.0022,-0.0022
1459.8,-0.0775,0.79,-0.0851,-0.0022,-0.0022,-0.0022
1459.8110000000001,-0.0775,0.79,-0.0851,-0.0022,-0.0022,-0.0022
1459.8220000000001,-0.0775,0.79,-0.0851,-0.0022,-0.0022,-0.0022
1459.8329999999999,-0.0775,0.79,-0.0851,-0.0022,-0.0022,-0.0022
1459.844,-0.0775,0.79,-0.0851,-0.0022,-0.0022,-0.0022
1459.856,-0.0775,0.79,-0.0851,-0.0022,-0.0022,-0.0022
1459.8670000000002,-0.0775,0.79,-0.0851,-0.0022,-0.0022,-0.0022
1459.878,-0.0775,0.79,-0.0851,-0.0022,-0.0022,-0.0022
1459.889,-0.0775,0.79,-0.0851,-0.0022,-0.0022,-0.0022
1459.9,-0.0775,0.79,-0.0851,-0.0022,-0.0022,-0.0022
1459.911,-0.0775,0.79,-0.0851,-0.0022,-0.0022,-0.0022
1459.922,-0.0775,0.79,-0.0851,-0.0022,-0.0022,-0.0022
1459.933,-0.0775,0.79,-0.0851,-0.0022,-0.0022,-0.0022
1459.944,-0.0775,0.79,-0.0851,-0.0022,-0.0022,-0.0022
1459.9560000000001,-0.0775,0.79,-0.0851,-0.0022,-0.0022,-0.0022
1459.967,-0.0775,0.79,-0.0851,-0.0022,-0.0022,-0.0022
1459.9779999999998,-0.0775,0.79,-0.0851,-0.0022,-0.0022,-0.0022
1459.989,-0.0775,0.79,-0.0851,-0.0022,-0.0022,-0.0022
1460.0,-0.0775,0.79,-0.0851,-0.0022,-0.0022,-0.0022
1460.011,-0.0775,0.79,-0.0851,-0.0022,-0.0022,-0.0022
1460.0220000000002,-0.0775,0.79,-0.0851,-0.0022,-0.0022,-0.0022
1460.033,-0.0775,0.79,-0.0851,-0.0022,-0.0022,-0.0022
1460.0439999999999,-0.0775,0.79,-0.0851,-0.0022,-0.0022,-0.0022
1460.056,-0.0775,0.79,-0.0851,-0.0022,-0.0022,-0.0022
1460.067,-0.0775,0.79,-0.0851,-0.0022,-0.0022,-0.0022
1460.078,-0.0775,0.79,-0.0851,-0.0022,-0.0022,-0.0022
1460.089,-0.0775,0.79,-0.0851,-0.0022,-0.0022,-0.0022
1460.1,-0.0775,0.79,-0.0851,-0.0022,-0.0022,-0.0022
1460.111,-0.0775,0.79,-0.0851,-0.0022,-0.0022,-0.0022
1460.122,-0.0775,0.79,-0.0851,-0.0022,-0.0022,-0.0022
1460.1329999999998,-0.0775,0.79,-0.0851,-0.0022,-0.0022,-0.0022
1460.145,-0.0775,0.79,-0.0851,-0.0022,-0.0022,-0.0022
1460.156,-0.0775,0.79,-0.0851,-0.0022,-0.0022,-0.0022
1460.1670000000001,-0.0775,0.79,-0.0851,-0.0022,-0.0022,-0.0022
1460.1779999999999,-0.0775,0.79,-0.0851,-0.0022,-0.0022,-0.0022
1460.1889999999999,-0.0775,0.79,-0.0851,-0.0022,-0.0022,-0.0022
1460.2,-0.0775,0.79,-0.0851,-0.0022,-0.0022,-0.0022
1460.211,-0.0775,0.79,-0.0851,-0.0022,-0.0022,-0.0022
1460.2220000000002,-0.0775,0.79,-0.0851,-0.0022,-0.0022,-0.0022
1460.233,-0.0775,0.79,-0.0851,-0.0022,-0.0022,-0.0022
1460.245,-0.0775,0.79,-0.0851,-0.0022,-0.0022,-0.0022
1460.256,-0.0775,0.79,-0.0851,-0.0022,-0.0022,-0.0022
1460.267,-0.0775,0.79,-0.0851,-0.0022,-0.0022,-0.0022
1460.2779999999998,-0.0775,0.79,-0.0851,-0.0022,-0.0022,-0.0022
1460.289,-0.0775,0.79,-0.0851,-0.0022,-0.0022,-0.0022
1460.3,-0.0775,0.79,-0.0851,-0.0022,-0.0022,-0.0022
1460.3110000000001,-0.0775,0.79,-0.0851,-0.0022,-0.0022,-0.0022
1460.3220000000001,-0.0775,0.79,-0.0851,-0.0022,-0.0022,-0.0022
1460.3329999999999,-0.0775,0.79,-0.0851,-0.0022,-0.0022,-0.0022
1460.344,-0.0775,0.79,-0.0851,-0.0022,-0.0022,-0.0022
1460.356,-0.0775,0.79,-0.0851,-0.0022,-0.0022,-0.0022
1460.3670000000002,-0.0775,0.79,-0.0851,-0.0022,-0.0022,-0.0022
1460.378,-0.0775,0.79,-0.0851,-0.0022,-0.0022,-0.0022
1460.389,-0.0775,0.79,-0.0851,-0.0022,-0.0022,-0.0022
1460.4,-0.0775,0.79,-0.0851,-0.0022,-0.0022,-0.0022
1460.411,-0.0775,0.79,-0.0851,-0.0022,-0.0022,-0.0022
1460.422,-0.0775,0.79,-0.0851,-0.0022,-0.0022,-0.0022
1460.433,-0.0775,0.79,-0.0851,-0.0022,-0.0022,-0.0022
1460.444,-0.0775,0.79,-0.0851,-0.0022,-0.0022,-0.0022
1460.4560000000001,-0.0775,0.79,-0.0851,-0.0022,-0.0022,-0.0022
1460.467,-0.0775,0.79,-0.0851,-0.0022,-0.0022,-0.0022
1460.4779999999998,-0.0775,0.79,-0.0851,-0.0022,-0.0022,-0.0022
1460.489,-0.0775,0.79,-0.0851,-0.0022,-0.0022,-0.0022
1460.5,-0.0775,0.79,-0.0851,-0.0022,-0.0022,-0.0022
1460.511,-0.0775,0.79,-0.0851,-0.0022,-0.0022,-0.0022
1460.5220000000002,-0.0775,0.79,-0.0851,-0.0022,-0.0022,-0.0022
1460.533,-0.0775,0.79,-0.0851,-0.0022,-0.0022,-0.0022
1460.5439999999999,-0.0775,0.79,-0.0851,-0.0022,-0.0022,-0.0022
1460.556,-0.0775,0.79,-0.0851,-0.0022,-0.0022,-0.0022
1460.567,-0.0775,0.79,-0.0851,-0.0022,-0.0022,-0.0022
1460.578,-0.0775,0.79,-0.0851,-0.0022,-0.0022,-0.0022
1460.589,-0.0775,0.79,-0.0851,-0.0022,-0.0022,-0.0022
1460.6,-0.0775,0.79,-0.0851,-0.0022,-0.0022,-0.0022
1460.611,-0.0775,0.79,-0.0851,-0.0022,-0.0022,-0.0022
1460.622,-0.0775,0.79,-0.0851,-0.0022,-0.0022,-0.0022
1460.6329999999998,-0.0775,0.79,-0.0851,-0.0022,-0.0022,-0.0022
1460.645,-0.0775,0.79,-0.0851,-0.0022,-0.0022,-0.0022
1460.656,-0.0775,0.79,-0.0851,-0.0022,-0.0022,-0.0022
1460.6670000000001,-0.0775,0.79,-0.0851,-0.0022,-0.0022,-0.0022
1460.6779999999999,-0.0775,0.79,-0.0851,-0.0022,-0.0022,-0.0022
1460.6889999999999,-0.0775,0.79,-0.0851,-0.0022,-0.0022,-0.0022
1460.7,-0.0775,0.79,-0.0851,-0.0022,-0.0022,-0.0022
1460.711,-0.0775,0.79,-0.0851,-0.0022,-0.0022,-0.0022
1460.7220000000002,-0.0775,0.79,-0.0851,-0.0022,-0.0022,-0.0022
1460.733,-0.0775,0.79,-0.0851,-0.0022,-0.0022,-0.0022
1460.745,-0.0775,0.79,-0.0851,-0.0022,-0.0022,-0.0022
1460.756,-0.0775,0.79,-0.0851,-0.0022,-0.0022,-0.0022
1460.767,-0.0775,0.79,-0.0851,-0.0022,-0.0022,-0.0022
1460.7779999999998,-0.0775,0.79,-0.0851,-0.0022,-0.0022,-0.0022
1460.789,-0.0775,0.79,-0.0851,-0.0022,-0.0022,-0.0022
1460.8,-0.0775,0.79,-0.0851,-0.0022,-0.0022,-0.0022
1460.8110000000001,-0.0775,0.79,-0.0851,-0.0022,-0.0022,-0.0022
1460.8220000000001,-0.0775,0.79,-0.0851,-0.0022,-0.0022,-0.0022
1460.8329999999999,-0.0775,0.79,-0.0851,-0.0022,-0.0022,-0.0022
1460.844,-0.0775,0.79,-0.0851,-0.0022,-0.0022,-0.0022
1460.856,-0.0775,0.79,-0.0851,-0.0022,-0.0022,-0.0022
1460.8670000000002,-0.0775,0.79,-0.0851,-0.0022,-0.0022,-0.0022
1460.878,-0.0775,0.79,-0.0851,-0.0022,-0.0022,-0.0022
1460.889,-0.0775,0.79,-0.0851,-0.0022,-0.0022,-0.0022
1460.9,-0.0775,0.79,-0.0851,-0.0022,-0.0022,-0.0022
1460.911,-0.0775,0.79,-0.0851,-0.0022,-0.0022,-0.0022
1460.922,-0.0775,0.79,-0.0851,-0.0022,-0.0022,-0.0022
1460.933,-0.0775,0.79,-0.0851,-0.0022,-0.0022,-0.0022
1460.944,-0.0775,0.79,-0.0851,-0.0022,-0.0022,-0.0022
1460.9560000000001,-0.0775,0.79,-0.0851,-0.0022,-0.0022,-0.0022
1460.967,-0.0775,0.79,-0.0851,-0.0022,-0.0022,-0.0022
1460.9779999999998,-0.0775,0.79,-0.0851,-0.0022,-0.0022,-0.0022
1460.989,-0.0775,0.79,-0.0851,-0.0022,-0.0022,-0.0022
1461.0,-0.0775,0.79,-0.0851,-0.0022,-0.0022,-0.0022
1461.011,-0.0775,0.79,-0.0851,-0.0022,-0.0022,-0.0022
1461.0220000000002,-0.0775,0.79,-0.0851,-0.0022,-0.0022,-0.0022
1461.033,-0.0775,0.79,-0.0851,-0.0022,-0.0022,-0.0022
1461.0439999999999,-0.0775,0.79,-0.0851,-0.0022,-0.0022,-0.0022
1461.056,-0.0775,0.79,-0.0851,-0.0022,-0.0022,-0.0022
1461.067,-0.0775,0.79,-0.0851,-0.0022,-0.0022,-0.0022
1461.078,-0.0775,0.79,-0.0851,-0.0022,-0.0022,-0.0022
1461.089,-0.0775,0.79,-0.0851,-0.0022,-0.0022,-0.0022
1461.1,-0.0775,0.79,-0.0851,-0.0022,-0.0022,-0.0022
1461.111,-0.0775,0.79,-0.0851,-0.0022,-0.0022,-0.0022
1461.122,-0.0775,0.79,-0.0851,-0.0022,-0.0022,-0.0022
1461.1329999999998,-0.0775,0.79,-0.0851,-0.0022,-0.0022,-0.0022
1461.145,-0.0775,0.79,-0.0851,-0.0022,-0.0022,-0.0022
1461.156,-0.0775,0.79,-0.0851,-0.0022,-0.0022,-0.0022
1461.1670000000001,-0.0775,0.79,-0.0851,-0.0022,-0.0022,-0.0022
1461.1779999999999,-0.0775,0.79,-0.0851,-0.0022,-0.0022,-0.0022
1461.1889999999999,-0.0775,0.79,-0.0851,-0.0022,-0.0022,-0.0022
1461.2,-0.0775,0.79,-0.0851,-0.0022,-0.0022,-0.0022
1461.211,-0.0775,0.79,-0.0851,-0.0022,-0.0022,-0.0022
1461.2220000000002,-0.0775,0.79,-0.0851,-0.0022,-0.0022,-0.0022
1461.233,-0.0775,0.79,-0.0851,-0.0022,-0.0022,-0.0022
1461.245,-0.0775,0.79,-0.0851,-0.0022,-0.0022,-0.0022
1461.256,-0.0775,0.79,-0.0851,-0.0022,-0.0022,-0.0022
1461.267,-0.0775,0.79,-0.0851,-0.0022,-0.0022,-0.0022
1461.2779999999998,-0.0775,0.79,-0.0851,-0.0022,-0.0022,-0.0022
1461.289,-0.0775,0.79,-0.0851,-0.0022,-0.0022,-0.0022
1461.3,-0.0775,0.79,-0.0851,-0.0022,-0.0022,-0.0022
1461.3110000000001,-0.0775,0.79,-0.0851,-0.0022,-0.0022,-0.0022
1461.3220000000001,-0.0775,0.79,-0.0851,-0.0022,-0.0022,-0.0022
1461.3329999999999,-0.0775,0.79,-0.0851,-0.0022,-0.0022,-0.0022
1461.344,-0.0775,0.79,-0.0851,-0.0022,-0.0022,-0.0022
1461.356,-0.0775,0.79,-0.0851,-0.0022,-0.0022,-0.0022
1461.3670000000002,-0.0775,0.79,-0.0851,-0.0022,-0.0022,-0.0022
1461.378,-0.0775,0.79,-0.0851,-0.0022,-0.0022,-0.0022
1461.389,-0.0775,0.79,-0.0851,-0.0022,-0.0022,-0.0022
1461.4,-0.0775,0.79,-0.0851,-0.0022,-0.0022,-0.0022
1461.411,-0.0775,0.79,-0.0851,-0.0022,-0.0022,-0.0022
1461.422,-0.0775,0.79,-0.0851,-0.0022,-0.0022,-0.0022
1461.433,-0.0775,0.79,-0.0851,-0.0022,-0.0022,-0.0022
1461.444,-0.0775,0.79,-0.0851,-0.0022,-0.0022,-0.0022
1461.4560000000001,-0.0775,0.79,-0.0851,-0.0022,-0.0022,-0.0022
1461.467,-0.0775,0.79,-0.0851,-0.0022,-0.0022,-0.0022
1461.4779999999998,-0.0775,0.79,-0.0851,-0.0022,-0.0022,-0.0022
1461.489,-0.0775,0.79,-0.0851,-0.0022,-0.0022,-0.0022
1461.5,-0.0775,0.79,-0.0851,-0.0022,-0.0022,-0.0022
1461.511,-0.0775,0.79,-0.0851,-0.0022,-0.0022,-0.0022
1461.5220000000002,-0.0775,0.79,-0.0851,-0.0022,-0.0022,-0.0022
1461.533,-0.0775,0.79,-0.0851,-0.0022,-0.0022,-0.0022
1461.5439999999999,-0.0775,0.79,-0.0851,-0.0022,-0.0022,-0.0022
1461.556,-0.0775,0.79,-0.0851,-0.0022,-0.0022,-0.0022
1461.567,-0.0775,0.79,-0.0851,-0.0022,-0.0022,-0.0022
1461.578,-0.0775,0.79,-0.0851,-0.0022,-0.0022,-0.0022
1461.589,-0.0775,0.79,-0.0851,-0.0022,-0.0022,-0.0022
1461.6,-0.0775,0.79,-0.0851,-0.0022,-0.0022,-0.0022
1461.611,-0.0775,0.79,-0.0851,-0.0022,-0.0022,-0.0022
1461.622,-0.0775,0.79,-0.0851,-0.0022,-0.0022,-0.0022
1461.6329999999998,-0.0775,0.79,-0.0851,-0.0022,-0.0022,-0.0022
1461.645,-0.0775,0.79,-0.0851,-0.0022,-0.0022,-0.0022
1461.656,-0.0775,0.79,-0.0851,-0.0022,-0.0022,-0.0022
1461.6670000000001,-0.0775,0.79,-0.0851,-0.0022,-0.0022,-0.0022
1461.6779999999999,-0.0775,0.79,-0.0851,-0.0022,-0.0022,-0.0022
1461.6889999999999,-0.0775,0.79,-0.0851,-0.0022,-0.0022,-0.0022
1461.7,-0.0775,0.79,-0.0851,-0.0022,-0.0022,-0.0022
1461.711,-0.0775,0.79,-0.0851,-0.0022,-0.0022,-0.0022
1461.7220000000002,-0.0775,0.79,-0.0851,-0.0022,-0.0022,-0.0022
1461.733,-0.0775,0.79,-0.0851,-0.0022,-0.0022,-0.0022
1461.745,-0.0775,0.79,-0.0851,-0.0022,-0.0022,-0.0022
1461.756,-0.0775,0.79,-0.0851,-0.0022,-0.0022,-0.0022
1461.767,-0.0775,0.79,-0.0851,-0.0022,-0.0022,-0.0022
1461.7779999999998,-0.0775,0.79,-0.0851,-0.0022,-0.0022,-0.0022
1461.789,-0.0775,0.79,-0.0851,-0.0022,-0.0022,-0.0022
1461.8,-0.0775,0.79,-0.0851,-0.0022,-0.0022,-0.0022
1461.8110000000001,-0.0775,0.79,-0.0851,-0.0022,-0.0022,-0.0022
1461.8220000000001,-0.0775,0.79,-0.0851,-0.0022,-0.0022,-0.0022
1461.8329999999999,-0.0775,0.79,-0.0851,-0.0022,-0.0022,-0.0022
1461.844,-0.0775,0.79,-0.0851,-0.0022,-0.0022,-0.0022
1461.856,-0.0775,0.79,-0.0851,-0.0022,-0.0022,-0.0022
1461.8670000000002,-0.0775,0.79,-0.0851,-0.0022,-0.0022,-0.0022
1461.878,-0.0775,0.79,-0.0851,-0.0022,-0.0022,-0.0022
1461.889,-0.0775,0.79,-0.0851,-0.0022,-0.0022,-0.0022
1461.9,-0.0775,0.79,-0.0851,-0.0022,-0.0022,-0.0022
1461.911,-0.0775,0.79,-0.0851,-0.0022,-0.0022,-0.0022
1461.922,-0.0775,0.79,-0.0851,-0.0022,-0.0022,-0.0022
1461.933,-0.0775,0.79,-0.0851,-0.0022,-0.0022,-0.0022
1461.944,-0.0775,0.79,-0.0851,-0.0022,-0.0022,-0.0022
1461.9560000000001,-0.0775,0.79,-0.0851,-0.0022,-0.0022,-0.0022
1461.967,-0.0775,0.79,-0.0851,-0.0022,-0.0022,-0.0022
1461.9779999999998,-0.0775,0.79,-0.0851,-0.0022,-0.0022,-0.0022
1461.989,-0.0775,0.79,-0.0851,-0.0022,-0.0022,-0.0022
1462.0,-0.0775,0.79,-0.0851,-0.0022,-0.0022,-0.0022
1462.011,-0.0775,0.79,-0.0851,-0.0022,-0.0022,-0.0022
1462.0220000000002,-0.0775,0.79,-0.0851,-0.0022,-0.0022,-0.0022
1462.033,-0.0775,0.79,-0.0851,-0.0022,-0.0022,-0.0022
1462.0439999999999,-0.0775,0.79,-0.0851,-0.0022,-0.0022,-0.0022
1462.056,-0.0775,0.79,-0.0851,-0.0022,-0.0022,-0.0022
1462.067,-0.0775,0.79,-0.0851,-0.0022,-0.0022,-0.0022
1462.078,-0.0775,0.79,-0.0851,-0.0022,-0.0022,-0.0022
1462.089,-0.0775,0.79,-0.0851,-0.0022,-0.0022,-0.0022
1462.1,-0.0775,0.79,-0.0851,-0.0022,-0.0022,-0.0022
1462.111,-0.0775,0.79,-0.0851,-0.0022,-0.0022,-0.0022
1462.122,-0.0775,0.79,-0.0851,-0.0022,-0.0022,-0.0022
1462.1329999999998,-0.0775,0.79,-0.0851,-0.0022,-0.0022,-0.0022
1462.145,-0.0775,0.79,-0.0851,-0.0022,-0.0022,-0.0022
1462.156,-0.0775,0.79,-0.0851,-0.0022,-0.0022,-0.0022
1462.1670000000001,-0.0775,0.79,-0.0851,-0.0022,-0.0022,-0.0022
1462.1779999999999,-0.0775,0.79,-0.0851,-0.0022,-0.0022,-0.0022
