time,FailOnTouchObstacleMed_pos_x,FailOnTouchObstacleMed_pos_y,FailOnTouchObstacleMed_pos_z,FailOnTouchObstacleMed_rot_x,FailOnTouchObstacleMed_rot_y,FailOnTouchObstacleMed_rot_z
1014.3330000000001,0.1025,0.79,0.015,0,0,0
1014.3439999999999,0.1025,0.79,0.015,0,0,0
1014.3560000000001,0.1025,0.79,0.015,0,0,0
1014.367,0.1025,0.79,0.015,0,0,0
1014.378,0.1025,0.79,0.015,0,0,0
1014.3889999999999,0.1025,0.79,0.015,0,0,0
1014.4,0.1025,0.79,0.015,0,0,0
1014.4110000000001,0.1025,0.79,0.015,0,0,0
1014.422,0.1025,0.79,0.015,0,0,0
1014.433,0.1025,0.79,0.015,0,0,0
1014.444,0.1025,0.79,0.015,0,0,0
1014.456,0.1025,0.79,0.015,0,0,0
1014.467,0.1025,0.79,0.015,0,0,0
1014.4780000000001,0.1025,0.79,0.015,0,0,0
1014.4889999999999,0.1025,0.79,0.015,0,0,0
1014.5,0.1025,0.79,0.015,0,0,0
1014.5110000000001,0.1025,0.79,0.015,0,0,0
1014.5219999999999,0.1025,0.79,0.015,0,0,0
1014.533,0.1025,0.79,0.015,0,0,0
1014.544,0.1025,0.79,0.015,0,0,0
1014.556,0.1025,0.79,0.015,0,0,0
1014.567,0.1025,0.79,0.015,0,0,0
1014.578,0.1025,0.79,0.015,0,0,0
1014.5889999999999,0.1025,0.79,0.015,0,0,0
1014.6,0.1025,0.79,0.015,0,0,0
1014.6110000000001,0.1025,0.79,0.015,0,0,0
1014.622,0.1025,0.79,0.015,0,0,0
1014.633,0.1025,0.79,0.015,0,0,0
1014.6439999999999,0.1025,0.79,0.015,0,0,0
1014.6560000000001,0.1025,0.79,0.015,0,0,0
1014.6669999999999,0.1025,0.79,0.015,0,0,0
1014.678,0.1025,0.79,0.015,0,0,0
1014.689,0.1025,0.79,0.015,0,0,0
1014.7,0.1025,0.79,0.015,0,0,0
1014.711,0.1025,0.79,0.015,0,0,0
1014.722,0.1025,0.79,0.015,0,0,0
1014.7330000000001,0.1025,0.79,0.015,0,0,0
1014.7439999999999,0.1025,0.79,0.015,0,0,0
1014.7560000000001,0.1025,0.79,0.015,0,0,0
1014.7669999999999,0.1025,0.79,0.015,0,0,0
1014.778,0.1025,0.79,0.015,0,0,0
1014.789,0.1025,0.79,0.015,0,0,0
1014.8,0.1025,0.79,0.015,0,0,0
1014.811,0.1025,0.79,0.015,0,0,0
1014.822,0.1025,0.79,0.015,0,0,0
1014.8330000000001,0.1025,0.79,0.015,0,0,0
1014.8439999999999,0.1025,0.79,0.015,0,0,0
1014.8560000000001,0.1025,0.79,0.015,0,0,0
1014.867,0.1025,0.79,0.015,0,0,0
1014.878,0.1025,0.79,0.015,0,0,0
1014.8889999999999,0.1025,0.79,0.015,0,0,0
1014.9,0.1025,0.79,0.015,0,0,0
1014.9110000000001,0.1025,0.79,0.015,0,0,0
1014.922,0.1025,0.79,0.015,0,0,0
1014.933,0.1025,0.79,0.015,0,0,0
1014.944,0.1025,0.79,0.015,0,0,0
1014.956,0.1025,0.79,0.015,0,0,0
1014.967,0.1025,0.79,0.015,0,0,0
1014.9780000000001,0.1025,0.79,0.015,0,0,0
1014.9889999999999,0.1025,0.79,0.015,0,0,0
1015.0,0.1025,0.79,0.015,0,0,0
1015.0110000000001,0.1025,0.79,0.015,0,0,0
1015.0219999999999,0.1025,0.79,0.015,0,0,0
1015.033,0.1025,0.79,0.015,0,0,0
1015.044,0.1025,0.79,0.015,0,0,0
1015.056,0.1025,0.79,0.015,0,0,0
1015.067,0.1025,0.79,0.015,0,0,0
1015.078,0.1025,0.79,0.015,0,0,0
1015.0889999999999,0.1025,0.79,0.015,0,0,0
1015.1,0.1025,0.79,0.015,0,0,0
1015.1110000000001,0.1025,0.79,0.015,0,0,0
1015.122,0.1025,0.79,0.015,0,0,0
1015.133,0.1025,0.79,0.015,0,0,0
1015.1439999999999,0.1025,0.79,0.015,0,0,0
1015.1560000000001,0.1025,0.79,0.015,0,0,0
1015.1669999999999,0.1025,0.79,0.015,0,0,0
1015.178,0.1025,0.79,0.015,0,0,0
1015.189,0.1025,0.79,0.015,0,0,0
1015.2,0.1025,0.79,0.015,0,0,0
1015.211,0.1025,0.79,0.015,0,0,0
1015.222,0.1025,0.79,0.015,0,0,0
1015.2330000000001,0.1025,0.79,0.015,0,0,0
1015.2439999999999,0.1025,0.79,0.015,0,0,0
1015.2560000000001,0.1025,0.79,0.015,0,0,0
1015.2669999999999,0.1025,0.79,0.015,0,0,0
1015.278,0.1025,0.79,0.015,0,0,0
1015.289,0.1025,0.79,0.015,0,0,0
1015.3,0.1025,0.79,0.015,0,0,0
1015.311,0.1025,0.79,0.015,0,0,0
1015.322,0.1025,0.79,0.015,0,0,0
1015.3330000000001,0.1025,0.79,0.015,0,0,0
1015.3439999999999,0.1025,0.79,0.015,0,0,0
1015.3560000000001,0.1025,0.79,0.015,0,0,0
1015.367,0.1025,0.79,0.015,0,0,0
1015.378,0.1025,0.79,0.015,0,0,0
1015.3889999999999,0.1025,0.79,0.015,0,0,0
1015.4,0.1025,0.79,0.015,0,0,0
1015.4110000000001,0.1025,0.79,0.015,0,0,0
1015.422,0.1025,0.79,0.015,0,0,0
1015.433,0.1025,0.79,0.015,0,0,0
1015.444,0.1025,0.79,0.015,0,0,0
1015.456,0.1025,0.79,0.015,0,0,0
1015.467,0.1025,0.79,0.015,0,0,0
1015.4780000000001,0.1025,0.79,0.015,0,0,0
1015.4889999999999,0.1025,0.79,0.015,0,0,0
1015.5,0.1025,0.79,0.015,0,0,0
1015.5110000000001,0.1025,0.79,0.015,0,0,0
1015.5219999999999,0.1025,0.79,0.015,0,0,0
1015.533,0.1025,0.79,0.015,0,0,0
1015.544,0.1025,0.79,0.015,0,0,0
1015.556,0.1025,0.79,0.015,0,0,0
1015.567,0.1025,0.79,0.015,0,0,0
1015.578,0.1025,0.79,0.015,0,0,0
1015.5889999999999,0.1025,0.79,0.015,0,0,0
1015.6,0.1025,0.79,0.015,0,0,0
1015.6110000000001,0.1025,0.79,0.015,0,0,0
1015.622,0.1025,0.79,0.015,0,0,0
1015.633,0.1025,0.79,0.015,0,0,0
1015.6439999999999,0.1025,0.79,0.015,0,0,0
1015.6560000000001,0.1025,0.79,0.015,0,0,0
1015.6669999999999,0.1025,0.79,0.015,0,0,0
1015.678,0.1025,0.79,0.015,0,0,0
1015.689,0.1025,0.79,0.015,0,0,0
1015.7,0.1025,0.79,0.015,0,0,0
1015.711,0.1025,0.79,0.015,0,0,0
1015.722,0.1025,0.79,0.015,0,0,0
1015.7330000000001,0.1025,0.79,0.015,0,0,0
1015.7439999999999,0.1025,0.79,0.015,0,0,0
1015.7560000000001,0.1025,0.79,0.015,0,0,0
1015.7669999999999,0.1025,0.79,0.015,0,0,0
1015.778,0.1025,0.79,0.015,0,0,0
1015.789,0.1025,0.79,0.015,0,0,0
1015.8,0.1025,0.79,0.015,0,0,0
1015.811,0.1025,0.79,0.015,0,0,0
1015.822,0.1025,0.79,0.015,0,0,0
1015.8330000000001,0.1025,0.79,0.015,0,0,0
1015.8439999999999,0.1025,0.79,0.015,0,0,0
1015.8560000000001,0.1025,0.79,0.015,0,0,0
1015.867,0.1025,0.79,0.015,0,0,0
1015.878,0.1025,0.79,0.015,0,0,0
1015.8889999999999,0.1025,0.79,0.015,0,0,0
1015.9,0.1025,0.79,0.015,0,0,0
1015.9110000000001,0.1025,0.79,0.015,0,0,0
1015.922,0.1025,0.79,0.015,0,0,0
1015.933,0.1025,0.79,0.015,0,0,0
1015.944,0.1025,0.79,0.015,0,0,0
1015.956,0.1025,0.79,0.015,0,0,0
1015.967,0.1025,0.79,0.015,0,0,0
1015.9780000000001,0.1025,0.79,0.015,0,0,0
1015.9889999999999,0.1025,0.79,0.015,0,0,0
1016.0,0.1025,0.79,0.015,0,0,0
1016.0110000000001,0.1025,0.79,0.015,0,0,0
1016.0219999999999,0.1025,0.79,0.015,0,0,0
1016.033,0.1025,0.79,0.015,0,0,0
1016.044,0.1025,0.79,0.015,0,0,0
1016.056,0.1025,0.79,0.015,0,0,0
1016.067,0.1025,0.79,0.015,0,0,0
1016.078,0.1025,0.79,0.015,0,0,0
1016.0889999999999,0.1025,0.79,0.015,0,0,0
1016.1,0.1025,0.79,0.015,0,0,0
1016.1110000000001,0.1025,0.79,0.015,0,0,0
1016.122,0.1025,0.79,0.015,0,0,0
1016.133,0.1025,0.79,0.015,0,0,0
1016.1439999999999,0.1025,0.79,0.015,0,0,0
1016.1560000000001,0.1025,0.79,0.015,0,0,0
1016.1669999999999,0.1025,0.79,0.015,0,0,0
1016.178,0.1025,0.79,0.015,0,0,0
1016.189,0.1025,0.79,0.015,0,0,0
1016.2,0.1025,0.79,0.015,0,0,0
1016.211,0.1025,0.79,0.015,0,0,0
1016.222,0.1025,0.79,0.015,0,0,0
1016.2330000000001,0.1025,0.79,0.015,0,0,0
1016.2439999999999,0.1025,0.79,0.015,0,0,0
1016.2560000000001,0.1025,0.79,0.015,0,0,0
1016.2669999999999,0.1025,0.79,0.015,0,0,0
1016.278,0.1025,0.79,0.015,0,0,0
1016.289,0.1025,0.79,0.015,0,0,0
1016.3,0.1025,0.79,0.015,0,0,0
1016.311,0.1025,0.79,0.015,0,0,0
1016.322,0.1025,0.79,0.015,0,0,0
1016.3330000000001,0.1025,0.79,0.015,0,0,0
1016.3439999999999,0.1025,0.79,0.015,0,0,0
1016.3560000000001,0.1025,0.79,0.015,0,0,0
1016.367,0.1025,0.79,0.015,0,0,0
1016.378,0.1025,0.79,0.015,0,0,0
1016.3889999999999,0.1025,0.79,0.015,0,0,0
1016.4,0.1025,0.79,0.015,0,0,0
1016.4110000000001,0.1025,0.79,0.015,0,0,0
1016.422,0.1025,0.79,0.015,0,0,0
1016.433,0.1025,0.79,0.015,0,0,0
1016.444,0.1025,0.79,0.015,0,0,0
1016.456,0.1025,0.79,0.015,0,0,0
1016.467,0.1025,0.79,0.015,0,0,0
1016.4780000000001,0.1025,0.79,0.015,0,0,0
1016.4889999999999,0.1025,0.79,0.015,0,0,0
1016.5,0.1025,0.79,0.015,0,0,0
1016.5110000000001,0.1025,0.79,0.015,0,0,0
1016.5219999999999,0.1025,0.79,0.015,0,0,0
1016.533,0.1025,0.79,0.015,0,0,0
1016.544,0.1025,0.79,0.015,0,0,0
1016.556,0.1025,0.79,0.015,0,0,0
1016.567,0.1025,0.79,0.015,0,0,0
1016.578,0.1025,0.79,0.015,0,0,0
1016.5889999999999,0.1025,0.79,0.015,0,0,0
1016.6,0.1025,0.79,0.015,0,0,0
1016.6110000000001,0.1025,0.79,0.015,0,0,0
1016.622,0.1025,0.79,0.015,0,0,0
1016.633,0.1025,0.79,0.015,0,0,0
1016.6439999999999,0.1025,0.79,0.015,0,0,0
1016.6560000000001,0.1025,0.79,0.015,0,0,0
1016.6669999999999,0.1025,0.79,0.015,0,0,0
1016.678,0.1025,0.79,0.015,0,0,0
1016.689,0.1025,0.79,0.015,0,0,0
1016.7,0.1025,0.79,0.015,0,0,0
1016.711,0.1025,0.79,0.015,0,0,0
1016.722,0.1025,0.79,0.015,0,0,0
1016.7330000000001,0.1025,0.79,0.015,0,0,0
1016.7439999999999,0.1025,0.79,0.015,0,0,0
1016.7560000000001,0.1025,0.79,0.015,0,0,0
1016.7669999999999,0.1025,0.79,0.015,0,0,0
1016.778,0.1025,0.79,0.015,0,0,0
1016.789,0.1025,0.79,0.015,0,0,0
1016.8,0.1025,0.79,0.015,0,0,0
1016.811,0.1025,0.79,0.015,0,0,0
1016.822,0.1025,0.79,0.015,0,0,0
1016.8330000000001,0.1025,0.79,0.015,0,0,0
1016.8439999999999,0.1025,0.79,0.015,0,0,0
1016.8560000000001,0.1025,0.79,0.015,0,0,0
1016.867,0.1025,0.79,0.015,0,0,0
1016.878,0.1025,0.79,0.015,0,0,0
1016.8889999999999,0.1025,0.79,0.015,0,0,0
1016.9,0.1025,0.79,0.015,0,0,0
1016.9110000000001,0.1025,0.79,0.015,0,0,0
1016.922,0.1025,0.79,0.015,0,0,0
1016.933,0.1025,0.79,0.015,0,0,0
1016.944,0.1025,0.79,0.015,0,0,0
1016.956,0.1025,0.79,0.015,0,0,0
1016.967,0.1025,0.79,0.015,0,0,0
1016.9780000000001,0.1025,0.79,0.015,0,0,0
1016.9889999999999,0.1025,0.79,0.015,0,0,0
1017.0,0.1025,0.79,0.015,0,0,0
1017.0110000000001,0.1025,0.79,0.015,0,0,0
1017.0219999999999,0.1025,0.79,0.015,0,0,0
1017.033,0.1025,0.79,0.015,0,0,0
1017.044,0.1025,0.79,0.015,0,0,0
1017.056,0.1025,0.79,0.015,0,0,0
1017.067,0.1025,0.79,0.015,0,0,0
1017.078,0.1025,0.79,0.015,0,0,0
1017.0889999999999,0.1025,0.79,0.015,0,0,0
1017.1,0.1025,0.79,0.015,0,0,0
1017.1110000000001,0.1025,0.79,0.015,0,0,0
1017.122,0.1025,0.79,0.015,0,0,0
1017.133,0.1025,0.79,0.015,0,0,0
1017.1439999999999,0.1025,0.79,0.015,0,0,0
1017.1560000000001,0.1025,0.79,0.015,0,0,0
1017.1669999999999,0.1025,0.79,0.015,0,0,0
1017.178,0.1025,0.79,0.015,0,0,0
1017.189,0.1025,0.79,0.015,0,0,0
1017.2,0.1025,0.79,0.015,0,0,0
1017.211,0.1025,0.79,0.015,0,0,0
1017.222,0.1025,0.79,0.015,0,0,0
1017.2330000000001,0.1025,0.79,0.015,0,0,0
1017.2439999999999,0.1025,0.79,0.015,0,0,0
1017.2560000000001,0.1025,0.79,0.015,0,0,0
1017.2669999999999,0.1025,0.79,0.015,0,0,0
1017.278,0.1025,0.79,0.015,0,0,0
1017.289,0.1025,0.79,0.015,0,0,0
1017.3,0.1025,0.79,0.015,0,0,0
1017.311,0.1025,0.79,0.015,0,0,0
1017.322,0.1025,0.79,0.015,0,0,0
1017.3330000000001,0.1025,0.79,0.015,0,0,0
1017.3439999999999,0.1025,0.79,0.015,0,0,0
1017.3560000000001,0.1025,0.79,0.015,0,0,0
1017.367,0.1025,0.79,0.015,0,0,0
1017.378,0.1025,0.79,0.015,0,0,0
1017.3889999999999,0.1025,0.79,0.015,0,0,0
1017.4,0.1025,0.79,0.015,0,0,0
1017.4110000000001,0.1025,0.79,0.015,0,0,0
1017.422,0.1025,0.79,0.015,0,0,0
1017.433,0.1025,0.79,0.015,0,0,0
1017.444,0.1025,0.79,0.015,0,0,0
1017.456,0.1025,0.79,0.015,0,0,0
1017.467,0.1025,0.79,0.015,0,0,0
1017.4780000000001,0.1025,0.79,0.015,0,0,0
1017.4889999999999,0.1025,0.79,0.015,0,0,0
1017.5,0.1025,0.79,0.015,0,0,0
1017.5110000000001,0.1025,0.79,0.015,0,0,0
1017.5219999999999,0.1025,0.79,0.015,0,0,0
1017.533,0.1025,0.79,0.015,0,0,0
1017.544,0.1025,0.79,0.015,0,0,0
1017.556,0.1025,0.79,0.015,0,0,0
1017.567,0.1025,0.79,0.015,0,0,0
1017.578,0.1025,0.79,0.015,0,0,0
1017.5889999999999,0.1025,0.79,0.015,0,0,0
1017.6,0.1025,0.79,0.015,0,0,0
1017.6110000000001,0.1025,0.79,0.015,0,0,0
1017.622,0.1025,0.79,0.015,0,0,0
1017.633,0.1025,0.79,0.015,0,0,0
1017.6439999999999,0.1025,0.79,0.015,0,0,0
1017.6560000000001,0.1025,0.79,0.015,0,0,0
1017.6669999999999,0.1025,0.79,0.015,0,0,0
1017.678,0.1025,0.79,0.015,0,0,0
1017.689,0.1025,0.79,0.015,0,0,0
1017.7,0.1025,0.79,0.015,0,0,0
1017.711,0.1025,0.79,0.015,0,0,0
1017.722,0.1025,0.79,0.015,0,0,0
1017.7330000000001,0.1025,0.79,0.015,0,0,0
1017.7439999999999,0.1025,0.79,0.015,0,0,0
1017.7560000000001,0.1025,0.79,0.015,0,0,0
1017.7669999999999,0.1025,0.79,0.015,0,0,0
1017.778,0.1025,0.79,0.015,0,0,0
1017.789,0.1025,0.79,0.015,0,0,0
1017.8,0.1025,0.79,0.015,0,0,0
1017.811,0.1025,0.79,0.015,0,0,0
1017.822,0.1025,0.79,0.015,0,0,0
1017.8330000000001,0.1025,0.79,0.015,0,0,0
1017.8439999999999,0.1025,0.79,0.015,0,0,0
1017.8560000000001,0.1025,0.79,0.015,0,0,0
1017.867,0.1025,0.79,0.015,0,0,0
1017.878,0.1025,0.79,0.015,0,0,0
1017.8889999999999,0.1025,0.79,0.015,0,0,0
1017.9,0.1025,0.79,0.015,0,0,0
1017.9110000000001,0.1025,0.79,0.015,0,0,0
1017.922,0.1025,0.79,0.015,0,0,0
1017.933,0.1025,0.79,0.015,0,0,0
1017.944,0.1025,0.79,0.015,0,0,0
1017.956,0.1025,0.79,0.015,0,0,0
1017.967,0.1025,0.79,0.015,0,0,0
1017.9780000000001,0.1025,0.79,0.015,0,0,0
1017.9889999999999,0.1025,0.79,0.015,0,0,0
1018.0,0.1025,0.79,0.015,0,0,0
1018.0110000000001,0.1025,0.79,0.015,0,0,0
1018.0219999999999,0.1025,0.79,0.015,0,0,0
1018.033,0.1025,0.79,0.015,0,0,0
1018.044,0.1025,0.79,0.015,0,0,0
1018.056,0.1025,0.79,0.015,0,0,0
1018.067,0.1025,0.79,0.015,0,0,0
1018.078,0.1025,0.79,0.015,0,0,0
1018.0889999999999,0.1025,0.79,0.015,0,0,0
1018.1,0.1025,0.79,0.015,0,0,0
1018.1110000000001,0.1025,0.79,0.015,0,0,0
1018.122,0.1025,0.79,0.015,0,0,0
1018.133,0.1025,0.79,0.015,0,0,0
1018.1439999999999,0.1025,0.79,0.015,0,0,0
1018.1560000000001,0.1025,0.79,0.015,0,0,0
1018.1669999999999,0.1025,0.79,0.015,0,0,0
1018.178,0.1025,0.79,0.015,0,0,0
1018.189,0.1025,0.79,0.015,0,0,0
1018.2,0.1025,0.79,0.015,0,0,0
1018.211,0.1025,0.79,0.015,0,0,0
1018.222,0.1025,0.79,0.015,0,0,0
1018.2330000000001,0.1025,0.79,0.015,0,0,0
1018.2439999999999,0.1025,0.79,0.015,0,0,0
1018.2560000000001,0.1025,0.79,0.015,0,0,0
1018.2669999999999,0.1025,0.79,0.015,0,0,0
1018.278,0.1025,0.79,0.015,0,0,0
1018.289,0.1025,0.79,0.015,0,0,0
1018.3,0.1025,0.79,0.015,0,0,0
1018.311,0.1025,0.79,0.015,0,0,0
1018.322,0.1025,0.79,0.015,0,0,0
1018.3330000000001,0.1025,0.79,0.015,0,0,0
1018.3439999999999,0.1025,0.79,0.015,0,0,0
1018.3560000000001,0.1025,0.79,0.015,0,0,0
1018.367,0.1025,0.79,0.015,0,0,0
1018.378,0.1025,0.79,0.015,0,0,0
1018.3889999999999,0.1025,0.79,0.015,0,0,0
1018.4,0.1025,0.79,0.015,0,0,0
1018.4110000000001,0.1025,0.79,0.015,0,0,0
1018.422,0.1025,0.79,0.015,0,0,0
1018.433,0.1025,0.79,0.015,0,0,0
1018.444,0.1025,0.79,0.015,0,0,0
1018.456,0.1025,0.79,0.015,0,0,0
1018.467,0.1025,0.79,0.015,0,0,0
1018.4780000000001,0.1025,0.79,0.015,0,0,0
1018.4889999999999,0.1025,0.79,0.015,0,0,0
1018.5,0.1025,0.79,0.015,0,0,0
1018.5110000000001,0.1025,0.79,0.015,0,0,0
1018.5219999999999,0.1025,0.79,0.015,0,0,0
1018.533,0.1025,0.79,0.015,0,0,0
1018.544,0.1025,0.79,0.015,0,0,0
1018.556,0.1025,0.79,0.015,0,0,0
1018.567,0.1025,0.79,0.015,0,0,0
1018.578,0.1025,0.79,0.015,0,0,0
1018.5889999999999,0.1025,0.79,0.015,0,0,0
1018.6,0.1025,0.79,0.015,0,0,0
1018.6110000000001,0.1025,0.79,0.015,0,0,0
1018.622,0.1025,0.79,0.015,0,0,0
1018.633,0.1025,0.79,0.015,0,0,0
1018.6439999999999,0.1025,0.79,0.015,0,0,0
1018.6560000000001,0.1025,0.79,0.015,0,0,0
1018.6669999999999,0.1025,0.79,0.015,0,0,0
1018.678,0.1025,0.79,0.015,0,0,0
1018.689,0.1025,0.79,0.015,0,0,0
1018.7,0.1025,0.79,0.015,0,0,0
1018.711,0.1025,0.79,0.015,0,0,0
1018.722,0.1025,0.79,0.015,0,0,0
1018.7330000000001,0.1025,0.79,0.015,0,0,0
1018.7439999999999,0.1025,0.79,0.015,0,0,0
1018.7560000000001,0.1025,0.79,0.015,0,0,0
1018.7669999999999,0.1025,0.79,0.015,0,0,0
1018.778,0.1025,0.79,0.015,0,0,0
1018.789,0.1025,0.79,0.015,0,0,0
1018.8,0.1025,0.79,0.015,0,0,0
1018.811,0.1025,0.79,0.015,0,0,0
1018.822,0.1025,0.79,0.015,0,0,0
1018.8330000000001,0.1025,0.79,0.015,0,0,0
1018.8439999999999,0.1025,0.79,0.015,0,0,0
1018.8560000000001,0.1025,0.79,0.015,0,0,0
1018.867,0.1025,0.79,0.015,0,0,0
1018.878,0.1025,0.79,0.015,0,0,0
1018.8889999999999,0.1025,0.79,0.015,0,0,0
1018.9,0.1025,0.79,0.015,0,0,0
1018.9110000000001,0.1025,0.79,0.015,0,0,0
1018.922,0.1025,0.79,0.015,0,0,0
1018.933,0.1025,0.79,0.015,0,0,0
1018.944,0.1025,0.79,0.015,0,0,0
1018.956,0.1025,0.79,0.015,0,0,0
1018.967,0.1025,0.79,0.015,0,0,0
1018.9780000000001,0.1025,0.79,0.015,0,0,0
1018.9889999999999,0.1025,0.79,0.015,0,0,0
1019.0,0.1025,0.79,0.015,0,0,0
1019.0110000000001,0.1025,0.79,0.015,0,0,0
1019.0219999999999,0.1025,0.79,0.015,0,0,0
1019.033,0.1025,0.79,0.015,0,0,0
1019.044,0.1025,0.79,0.015,0,0,0
1019.056,0.1025,0.79,0.015,0,0,0
1019.067,0.1025,0.79,0.015,0,0,0
1019.078,0.1025,0.79,0.015,0,0,0
1019.0889999999999,0.1025,0.79,0.015,0,0,0
1019.1,0.1025,0.79,0.015,0,0,0
1019.1110000000001,0.1025,0.79,0.015,0,0,0
1019.122,0.1025,0.79,0.015,0,0,0
1019.133,0.1025,0.79,0.015,0,0,0
1019.1439999999999,0.1025,0.79,0.015,0,0,0
1019.1560000000001,0.1025,0.79,0.015,0,0,0
1019.1669999999999,0.1025,0.79,0.015,0,0,0
1019.178,0.1025,0.79,0.015,0,0,0
1019.189,0.1025,0.79,0.015,0,0,0
1019.2,0.1025,0.79,0.015,0,0,0
1019.211,0.1025,0.79,0.015,0,0,0
1019.222,0.1025,0.79,0.015,0,0,0
1019.2330000000001,0.1025,0.79,0.015,0,0,0
1019.2439999999999,0.1025,0.79,0.015,0,0,0
1019.2560000000001,0.1025,0.79,0.015,0,0,0
1019.2669999999999,0.1025,0.79,0.015,0,0,0
1019.278,0.1025,0.79,0.015,0,0,0
1019.289,0.1025,0.79,0.015,0,0,0
1019.3,0.1025,0.79,0.015,0,0,0
1019.311,0.1025,0.79,0.015,0,0,0
1019.322,0.1025,0.79,0.015,0,0,0
1019.3330000000001,0.1025,0.79,0.015,0,0,0
1019.3439999999999,0.1025,0.79,0.015,0,0,0
1019.3560000000001,0.1025,0.79,0.015,0,0,0
1019.367,0.1025,0.79,0.015,0,0,0
1019.378,0.1025,0.79,0.015,0,0,0
1019.3889999999999,0.1025,0.79,0.015,0,0,0
1019.4,0.1025,0.79,0.015,0,0,0
1019.4110000000001,0.1025,0.79,0.015,0,0,0
1019.422,0.1025,0.79,0.015,0,0,0
1019.433,0.1025,0.79,0.015,0,0,0
1019.444,0.1025,0.79,0.015,0,0,0
1019.456,0.1025,0.79,0.015,0,0,0
1019.467,0.1025,0.79,0.015,0,0,0
1019.4780000000001,0.1025,0.79,0.015,0,0,0
1019.4889999999999,0.1025,0.79,0.015,0,0,0
1019.5,0.1025,0.79,0.015,0,0,0
1019.5110000000001,0.1025,0.79,0.015,0,0,0
1019.5219999999999,0.1025,0.79,0.015,0,0,0
1019.533,0.1025,0.79,0.015,0,0,0
1019.544,0.1025,0.79,0.015,0,0,0
1019.556,0.1025,0.79,0.015,0,0,0
1019.567,0.1025,0.79,0.015,0,0,0
1019.578,0.1025,0.79,0.015,0,0,0
1019.5889999999999,0.1025,0.79,0.015,0,0,0
1019.6,0.1025,0.79,0.015,0,0,0
1019.6110000000001,0.1025,0.79,0.015,0,0,0
1019.622,0.1025,0.79,0.015,0,0,0
1019.633,0.1025,0.79,0.015,0,0,0
1019.6439999999999,0.1025,0.79,0.015,0,0,0
1019.6560000000001,0.1025,0.79,0.015,0,0,0
1019.6669999999999,0.1025,0.79,0.015,0,0,0
1019.678,0.1025,0.79,0.015,0,0,0
1019.689,0.1025,0.79,0.015,0,0,0
1019.7,0.1025,0.79,0.015,0,0,0
1019.711,0.1025,0.79,0.015,0,0,0
1019.722,0.1025,0.79,0.015,0,0,0
1019.7330000000001,0.1025,0.79,0.015,0,0,0
1019.7439999999999,0.1025,0.79,0.015,0,0,0
1019.7560000000001,0.1025,0.79,0.015,0,0,0
1019.7669999999999,0.1025,0.79,0.015,0,0,0
1019.778,0.1025,0.79,0.015,0,0,0
1019.789,0.1025,0.79,0.015,0,0,0
1019.8,0.1025,0.79,0.015,0,0,0
1019.811,0.1025,0.79,0.015,0,0,0
1019.822,0.1025,0.79,0.015,0,0,0
1019.8330000000001,0.1025,0.79,0.015,0,0,0
1019.8439999999999,0.1025,0.79,0.015,0,0,0
1019.8560000000001,0.1025,0.79,0.015,0,0,0
1019.867,0.1025,0.79,0.015,0,0,0
1019.878,0.1025,0.79,0.015,0,0,0
1019.8889999999999,0.1025,0.79,0.015,0,0,0
1019.9,0.1025,0.79,0.015,0,0,0
1019.9110000000001,0.1025,0.79,0.015,0,0,0
1019.922,0.1025,0.79,0.015,0,0,0
1019.933,0.1025,0.79,0.015,0,0,0
1019.944,0.1025,0.79,0.015,0,0,0
1019.956,0.1025,0.79,0.015,0,0,0
1019.967,0.1025,0.79,0.015,0,0,0
1019.9780000000001,0.1025,0.79,0.015,0,0,0
1019.9889999999999,0.1025,0.79,0.015,0,0,0
1020.0,0.1025,0.79,0.015,0,0,0
1020.0110000000001,0.1025,0.79,0.015,0,0,0
1020.0219999999999,0.1025,0.79,0.015,0,0,0
1020.033,0.1025,0.79,0.015,0,0,0
1020.044,0.1025,0.79,0.015,0,0,0
1020.056,0.1025,0.79,0.015,0,0,0
1020.067,0.1025,0.79,0.015,0,0,0
1020.078,0.1025,0.79,0.015,0,0,0
1020.0889999999999,0.1025,0.79,0.015,0,0,0
1020.1,0.1025,0.79,0.015,0,0,0
1020.1110000000001,0.1025,0.79,0.015,0,0,0
1020.122,0.1025,0.79,0.015,0,0,0
1020.133,0.1025,0.79,0.015,0,0,0
1020.1439999999999,0.1025,0.79,0.015,0,0,0
1020.1560000000001,0.1025,0.79,0.015,0,0,0
1020.1669999999999,0.1025,0.79,0.015,0,0,0
1020.178,0.1025,0.79,0.015,0,0,0
1020.189,0.1025,0.79,0.015,0,0,0
1020.2,0.1025,0.79,0.015,0,0,0
1020.211,0.1025,0.79,0.015,0,0,0
1020.222,0.1025,0.79,0.015,0,0,0
1020.2330000000001,0.1025,0.79,0.015,0,0,0
1020.2439999999999,0.1025,0.79,0.015,0,0,0
1020.2560000000001,0.1025,0.79,0.015,0,0,0
1020.2669999999999,0.1025,0.79,0.015,0,0,0
1020.278,0.1025,0.79,0.015,0,0,0
1020.289,0.1025,0.79,0.015,0,0,0
1020.3,0.1025,0.79,0.015,0,0,0
1020.311,0.1025,0.79,0.015,0,0,0
1020.322,0.1025,0.79,0.015,0,0,0
1020.3330000000001,0.1025,0.79,0.015,0,0,0
1020.3439999999999,0.1025,0.79,0.015,0,0,0
1020.3560000000001,0.1025,0.79,0.015,0,0,0
1020.367,0.1025,0.79,0.015,0,0,0
1020.378,0.1025,0.79,0.015,0,0,0
1020.3889999999999,0.1025,0.79,0.015,0,0,0
1020.4,0.1025,0.79,0.015,0,0,0
1020.4110000000001,0.1025,0.79,0.015,0,0,0
1020.422,0.1025,0.79,0.015,0,0,0
