time,FailOnTouchObstacleMed_pos_x,FailOnTouchObstacleMed_pos_y,FailOnTouchObstacleMed_pos_z,FailOnTouchObstacleMed_rot_x,FailOnTouchObstacleMed_rot_y,FailOnTouchObstacleMed_rot_z
1260.878,0.1725,0.79,-0.065,0,0,0
1260.889,0.1725,0.79,-0.065,0,0,0
1260.9,0.1725,0.79,-0.065,0,0,0
1260.911,0.1725,0.79,-0.065,0,0,0
1260.922,0.1725,0.79,-0.065,0,0,0
1260.933,0.1725,0.79,-0.065,0,0,0
1260.944,0.1725,0.79,-0.065,0,0,0
1260.9560000000001,0.1725,0.79,-0.065,0,0,0
1260.9669999999999,0.1725,0.79,-0.065,0,0,0
1260.978,0.1725,0.79,-0.065,0,0,0
1260.989,0.1725,0.79,-0.065,0,0,0
1261.0,0.1725,0.79,-0.065,0,0,0
1261.011,0.1725,0.79,-0.065,0,0,0
1261.022,0.1725,0.79,-0.065,0,0,0
1261.0330000000001,0.1725,0.79,-0.065,0,0,0
1261.0439999999999,0.1725,0.79,-0.065,0,0,0
1261.056,0.1725,0.79,-0.065,0,0,0
1261.067,0.1725,0.79,-0.065,0,0,0
1261.078,0.1725,0.79,-0.065,0,0,0
1261.089,0.1725,0.79,-0.065,0,0,0
1261.1,0.1725,0.79,-0.065,0,0,0
1261.111,0.1725,0.79,-0.065,0,0,0
1261.122,0.1725,0.79,-0.065,0,0,0
1261.133,0.1725,0.79,-0.065,0,0,0
1261.145,0.1725,0.79,-0.065,0,0,0
1261.156,0.1725,0.79,-0.065,0,0,0
1261.167,0.1725,0.79,-0.065,0,0,0
1261.178,0.1725,0.79,-0.065,0,0,0
1261.1889999999999,0.1725,0.79,-0.065,0,0,0
1261.2,0.1725,0.79,-0.065,0,0,0
1261.211,0.1725,0.79,-0.065,0,0,0
1261.222,0.1725,0.79,-0.065,0,0,0
1261.233,0.1725,0.79,-0.065,0,0,0
1261.245,0.1725,0.79,-0.065,0,0,0
1261.256,0.1725,0.79,-0.065,0,0,0
1261.267,0.1725,0.79,-0.065,0,0,0
1261.278,0.1725,0.79,-0.065,0,0,0
1261.289,0.1725,0.79,-0.065,0,0,0
1261.3,0.1725,0.79,-0.065,0,0,0
1261.3110000000001,0.1725,0.79,-0.065,0,0,0
1261.322,0.1725,0.79,-0.065,0,0,0
1261.333,0.1725,0.79,-0.065,0,0,0
1261.344,0.1725,0.79,-0.065,0,0,0
1261.356,0.1725,0.79,-0.065,0,0,0
1261.367,0.1725,0.79,-0.065,0,0,0
1261.378,0.1725,0.79,-0.065,0,0,0
1261.389,0.1725,0.79,-0.065,0,0,0
1261.4,0.1725,0.79,-0.065,0,0,0
1261.411,0.1725,0.79,-0.065,0,0,0
1261.422,0.1725,0.79,-0.065,0,0,0
1261.433,0.1725,0.79,-0.065,0,0,0
1261.444,0.1725,0.79,-0.065,0,0,0
1261.4560000000001,0.1725,0.79,-0.065,0,0,0
1261.4669999999999,0.1725,0.79,-0.065,0,0,0
1261.478,0.1725,0.79,-0.065,0,0,0
1261.489,0.1725,0.79,-0.065,0,0,0
1261.5,0.1725,0.79,-0.065,0,0,0
1261.511,0.1725,0.79,-0.065,0,0,0
1261.522,0.1725,0.79,-0.065,0,0,0
1261.5330000000001,0.1725,0.79,-0.065,0,0,0
1261.5439999999999,0.1725,0.79,-0.065,0,0,0
1261.556,0.1725,0.79,-0.065,0,0,0
1261.567,0.1725,0.79,-0.065,0,0,0
1261.578,0.1725,0.79,-0.065,0,0,0
1261.589,0.1725,0.79,-0.065,0,0,0
1261.6,0.1725,0.79,-0.065,0,0,0
1261.611,0.1725,0.79,-0.065,0,0,0
1261.622,0.1725,0.79,-0.065,0,0,0
1261.633,0.1725,0.79,-0.065,0,0,0
1261.645,0.1725,0.79,-0.065,0,0,0
1261.656,0.1725,0.79,-0.065,0,0,0
1261.667,0.1725,0.79,-0.065,0,0,0
1261.678,0.1725,0.79,-0.065,0,0,0
1261.6889999999999,0.1725,0.79,-0.065,0,0,0
1261.7,0.1725,0.79,-0.065,0,0,0
1261.711,0.1725,0.79,-0.065,0,0,0
1261.722,0.1725,0.79,-0.065,0,0,0
1261.733,0.1725,0.79,-0.065,0,0,0
1261.745,0.1725,0.79,-0.065,0,0,0
1261.756,0.1725,0.79,-0.065,0,0,0
1261.767,0.1725,0.79,-0.065,0,0,0
1261.778,0.1725,0.79,-0.065,0,0,0
1261.789,0.1725,0.79,-0.065,0,0,0
1261.8,0.1725,0.79,-0.065,0,0,0
1261.8110000000001,0.1725,0.79,-0.065,0,0,0
1261.822,0.1725,0.79,-0.065,0,0,0
1261.833,0.1725,0.79,-0.065,0,0,0
1261.844,0.1725,0.79,-0.065,0,0,0
1261.856,0.1725,0.79,-0.065,0,0,0
1261.867,0.1725,0.79,-0.065,0,0,0
1261.878,0.1725,0.79,-0.065,0,0,0
1261.889,0.1725,0.79,-0.065,0,0,0
1261.9,0.1725,0.79,-0.065,0,0,0
1261.911,0.1725,0.79,-0.065,0,0,0
1261.922,0.1725,0.79,-0.065,0,0,0
1261.933,0.1725,0.79,-0.065,0,0,0
1261.944,0.1725,0.79,-0.065,0,0,0
1261.9560000000001,0.1725,0.79,-0.065,0,0,0
1261.9669999999999,0.1725,0.79,-0.065,0,0,0
1261.978,0.1725,0.79,-0.065,0,0,0
1261.989,0.1725,0.79,-0.065,0,0,0
1262.0,0.1725,0.79,-0.065,0,0,0
1262.011,0.1725,0.79,-0.065,0,0,0
1262.022,0.1725,0.79,-0.065,0,0,0
1262.0330000000001,0.1725,0.79,-0.065,0,0,0
1262.0439999999999,0.1725,0.79,-0.065,0,0,0
1262.056,0.1725,0.79,-0.065,0,0,0
1262.067,0.1725,0.79,-0.065,0,0,0
1262.078,0.1725,0.79,-0.065,0,0,0
1262.089,0.1725,0.79,-0.065,0,0,0
1262.1,0.1725,0.79,-0.065,0,0,0
1262.111,0.1725,0.79,-0.065,0,0,0
1262.122,0.1725,0.79,-0.065,0,0,0
1262.133,0.1725,0.79,-0.065,0,0,0
1262.145,0.1725,0.79,-0.065,0,0,0
1262.156,0.1725,0.79,-0.065,0,0,0
1262.167,0.1725,0.79,-0.065,0,0,0
1262.178,0.1725,0.79,-0.065,0,0,0
1262.1889999999999,0.1725,0.79,-0.065,0,0,0
1262.2,0.1725,0.79,-0.065,0,0,0
1262.211,0.1725,0.79,-0.065,0,0,0
1262.222,0.1725,0.79,-0.065,0,0,0
1262.233,0.1725,0.79,-0.065,0,0,0
1262.245,0.1725,0.79,-0.065,0,0,0
1262.256,0.1725,0.79,-0.065,0,0,0
1262.267,0.1725,0.79,-0.065,0,0,0
1262.278,0.1725,0.79,-0.065,0,0,0
1262.289,0.1725,0.79,-0.065,0,0,0
1262.3,0.1725,0.79,-0.065,0,0,0
1262.3110000000001,0.1725,0.79,-0.065,0,0,0
1262.322,0.1725,0.79,-0.065,0,0,0
1262.333,0.1725,0.79,-0.065,0,0,0
1262.344,0.1725,0.79,-0.065,0,0,0
1262.356,0.1725,0.79,-0.065,0,0,0
1262.367,0.1725,0.79,-0.065,0,0,0
1262.378,0.1725,0.79,-0.065,0,0,0
1262.389,0.1725,0.79,-0.065,0,0,0
1262.4,0.1725,0.79,-0.065,0,0,0
1262.411,0.1725,0.79,-0.065,0,0,0
1262.422,0.1725,0.79,-0.065,0,0,0
1262.433,0.1725,0.79,-0.065,0,0,0
1262.444,0.1725,0.79,-0.065,0,0,0
1262.4560000000001,0.1725,0.79,-0.065,0,0,0
1262.4669999999999,0.1725,0.79,-0.065,0,0,0
1262.478,0.1725,0.79,-0.065,0,0,0
1262.489,0.1725,0.79,-0.065,0,0,0
1262.5,0.1725,0.79,-0.065,0,0,0
1262.511,0.1725,0.79,-0.065,0,0,0
1262.522,0.1725,0.79,-0.065,0,0,0
1262.5330000000001,0.1725,0.79,-0.065,0,0,0
1262.5439999999999,0.1725,0.79,-0.065,0,0,0
1262.556,0.1725,0.79,-0.065,0,0,0
1262.567,0.1725,0.79,-0.065,0,0,0
1262.578,0.1725,0.79,-0.065,0,0,0
1262.589,0.1725,0.79,-0.065,0,0,0
1262.6,0.1725,0.79,-0.065,0,0,0
1262.611,0.1725,0.79,-0.065,0,0,0
1262.622,0.1725,0.79,-0.065,0,0,0
1262.633,0.1725,0.79,-0.065,0,0,0
1262.645,0.1725,0.79,-0.065,0,0,0
1262.656,0.1725,0.79,-0.065,0,0,0
1262.667,0.1725,0.79,-0.065,0,0,0
1262.678,0.1725,0.79,-0.065,0,0,0
1262.6889999999999,0.1725,0.79,-0.065,0,0,0
1262.7,0.1725,0.79,-0.065,0,0,0
1262.711,0.1725,0.79,-0.065,0,0,0
1262.722,0.1725,0.79,-0.065,0,0,0
1262.733,0.1725,0.79,-0.065,0,0,0
1262.745,0.1725,0.79,-0.065,0,0,0
1262.756,0.1725,0.79,-0.065,0,0,0
1262.767,0.1725,0.79,-0.065,0,0,0
1262.778,0.1725,0.79,-0.065,0,0,0
1262.789,0.1725,0.79,-0.065,0,0,0
1262.8,0.1725,0.79,-0.065,0,0,0
1262.8110000000001,0.1725,0.79,-0.065,0,0,0
1262.822,0.1725,0.79,-0.065,0,0,0
1262.833,0.1725,0.79,-0.065,0,0,0
1262.844,0.1725,0.79,-0.065,0,0,0
1262.856,0.1725,0.79,-0.065,0,0,0
1262.867,0.1725,0.79,-0.065,0,0,0
1262.878,0.1725,0.79,-0.065,0,0,0
1262.889,0.1725,0.79,-0.065,0,0,0
1262.9,0.1725,0.79,-0.065,0,0,0
1262.911,0.1725,0.79,-0.065,0,0,0
1262.922,0.1725,0.79,-0.065,0,0,0
1262.933,0.1725,0.79,-0.065,0,0,0
1262.944,0.1725,0.79,-0.065,0,0,0
1262.9560000000001,0.1725,0.79,-0.065,0,0,0
1262.9669999999999,0.1725,0.79,-0.065,0,0,0
1262.978,0.1725,0.79,-0.065,0,0,0
1262.989,0.1725,0.79,-0.065,0,0,0
1263.0,0.1725,0.79,-0.065,0,0,0
1263.011,0.1725,0.79,-0.065,0,0,0
1263.022,0.1725,0.79,-0.065,0,0,0
1263.0330000000001,0.1725,0.79,-0.065,0,0,0
1263.0439999999999,0.1725,0.79,-0.065,0,0,0
1263.056,0.1725,0.79,-0.065,0,0,0
1263.067,0.1725,0.79,-0.065,0,0,0
1263.078,0.1725,0.79,-0.065,0,0,0
1263.089,0.1725,0.79,-0.065,0,0,0
1263.1,0.1725,0.79,-0.065,0,0,0
1263.111,0.1725,0.79,-0.065,0,0,0
1263.122,0.1725,0.79,-0.065,0,0,0
1263.133,0.1725,0.79,-0.065,0,0,0
1263.145,0.1725,0.79,-0.065,0,0,0
1263.156,0.1725,0.79,-0.065,0,0,0
1263.167,0.1725,0.79,-0.065,0,0,0
1263.178,0.1725,0.79,-0.065,0,0,0
1263.1889999999999,0.1725,0.79,-0.065,0,0,0
1263.2,0.1725,0.79,-0.065,0,0,0
1263.211,0.1725,0.79,-0.065,0,0,0
1263.222,0.1725,0.79,-0.065,0,0,0
1263.233,0.1725,0.79,-0.065,0,0,0
1263.245,0.1725,0.79,-0.065,0,0,0
1263.256,0.1725,0.79,-0.065,0,0,0
1263.267,0.1725,0.79,-0.065,0,0,0
1263.278,0.1725,0.79,-0.065,0,0,0
1263.289,0.1725,0.79,-0.065,0,0,0
1263.3,0.1725,0.79,-0.065,0,0,0
1263.3110000000001,0.1725,0.79,-0.065,0,0,0
1263.322,0.1725,0.79,-0.065,0,0,0
1263.333,0.1725,0.79,-0.065,0,0,0
1263.344,0.1725,0.79,-0.065,0,0,0
1263.356,0.1725,0.79,-0.065,0,0,0
1263.367,0.1725,0.79,-0.065,0,0,0
1263.378,0.1725,0.79,-0.065,0,0,0
1263.389,0.1725,0.79,-0.065,0,0,0
1263.4,0.1725,0.79,-0.065,0,0,0
1263.411,0.1725,0.79,-0.065,0,0,0
1263.422,0.1725,0.79,-0.065,0,0,0
1263.433,0.1725,0.79,-0.065,0,0,0
1263.444,0.1725,0.79,-0.065,0,0,0
1263.4560000000001,0.1725,0.79,-0.065,0,0,0
1263.4669999999999,0.1725,0.79,-0.065,0,0,0
1263.478,0.1725,0.79,-0.065,0,0,0
1263.489,0.1725,0.79,-0.065,0,0,0
1263.5,0.1725,0.79,-0.065,0,0,0
1263.511,0.1725,0.79,-0.065,0,0,0
1263.522,0.1725,0.79,-0.065,0,0,0
1263.5330000000001,0.1725,0.79,-0.065,0,0,0
1263.5439999999999,0.1725,0.79,-0.065,0,0,0
1263.556,0.1725,0.79,-0.065,0,0,0
1263.567,0.1725,0.79,-0.065,0,0,0
1263.578,0.1725,0.79,-0.065,0,0,0
1263.589,0.1725,0.79,-0.065,0,0,0
1263.6,0.1725,0.79,-0.065,0,0,0
1263.611,0.1725,0.79,-0.065,0,0,0
1263.622,0.1725,0.79,-0.065,0,0,0
1263.633,0.1725,0.79,-0.065,0,0,0
1263.645,0.1725,0.79,-0.065,0,0,0
1263.656,0.1725,0.79,-0.065,0,0,0
1263.667,0.1725,0.79,-0.065,0,0,0
1263.678,0.1725,0.79,-0.065,0,0,0
1263.6889999999999,0.1725,0.79,-0.065,0,0,0
1263.7,0.1725,0.79,-0.065,0,0,0
1263.711,0.1725,0.79,-0.065,0,0,0
1263.722,0.1725,0.79,-0.065,0,0,0
1263.733,0.1725,0.79,-0.065,0,0,0
1263.745,0.1725,0.79,-0.065,0,0,0
1263.756,0.1725,0.79,-0.065,0,0,0
1263.767,0.1725,0.79,-0.065,0,0,0
1263.778,0.1725,0.79,-0.065,0,0,0
1263.789,0.1725,0.79,-0.065,0,0,0
1263.8,0.1725,0.79,-0.065,0,0,0
1263.8110000000001,0.1725,0.79,-0.065,0,0,0
1263.822,0.1725,0.79,-0.065,0,0,0
1263.833,0.1725,0.79,-0.065,0,0,0
1263.844,0.1725,0.79,-0.065,0,0,0
1263.856,0.1725,0.79,-0.065,0,0,0
1263.867,0.1725,0.79,-0.065,0,0,0
1263.878,0.1725,0.79,-0.065,0,0,0
1263.889,0.1725,0.79,-0.065,0,0,0
1263.9,0.1725,0.79,-0.065,0,0,0
1263.911,0.1725,0.79,-0.065,0,0,0
1263.922,0.1725,0.79,-0.065,0,0,0
1263.933,0.1725,0.79,-0.065,0,0,0
1263.944,0.1725,0.79,-0.065,0,0,0
1263.9560000000001,0.1725,0.79,-0.065,0,0,0
1263.9669999999999,0.1725,0.79,-0.065,0,0,0
1263.978,0.1725,0.79,-0.065,0,0,0
1263.989,0.1725,0.79,-0.065,0,0,0
1264.0,0.1725,0.79,-0.065,0,0,0
1264.011,0.1725,0.79,-0.065,0,0,0
1264.022,0.1725,0.79,-0.065,0,0,0
1264.0330000000001,0.1725,0.79,-0.065,0,0,0
1264.0439999999999,0.1725,0.79,-0.065,0,0,0
1264.056,0.1725,0.79,-0.065,0,0,0
1264.067,0.1725,0.79,-0.065,0,0,0
1264.078,0.1725,0.79,-0.065,0,0,0
1264.089,0.1725,0.79,-0.065,0,0,0
1264.1,0.1725,0.79,-0.065,0,0,0
1264.111,0.1725,0.79,-0.065,0,0,0
1264.122,0.1725,0.79,-0.065,0,0,0
1264.133,0.1725,0.79,-0.065,0,0,0
1264.145,0.1725,0.79,-0.065,0,0,0
1264.156,0.1725,0.79,-0.065,0,0,0
1264.167,0.1725,0.79,-0.065,0,0,0
1264.178,0.1725,0.79,-0.065,0,0,0
1264.1889999999999,0.1725,0.79,-0.065,0,0,0
1264.2,0.1725,0.79,-0.065,0,0,0
1264.211,0.1725,0.79,-0.065,0,0,0
1264.222,0.1725,0.79,-0.065,0,0,0
1264.233,0.1725,0.79,-0.065,0,0,0
1264.245,0.1725,0.79,-0.065,0,0,0
1264.256,0.1725,0.79,-0.065,0,0,0
1264.267,0.1725,0.79,-0.065,0,0,0
1264.278,0.1725,0.79,-0.065,0,0,0
1264.289,0.1725,0.79,-0.065,0,0,0
1264.3,0.1725,0.79,-0.065,0,0,0
1264.3110000000001,0.1725,0.79,-0.065,0,0,0
1264.322,0.1725,0.79,-0.065,0,0,0
1264.333,0.1725,0.79,-0.065,0,0,0
1264.344,0.1725,0.79,-0.065,0,0,0
1264.356,0.1725,0.79,-0.065,0,0,0
1264.367,0.1725,0.79,-0.065,0,0,0
1264.378,0.1725,0.79,-0.065,0,0,0
1264.389,0.1725,0.79,-0.065,0,0,0
1264.4,0.1725,0.79,-0.065,0,0,0
1264.411,0.1725,0.79,-0.065,0,0,0
1264.422,0.1725,0.79,-0.065,0,0,0
1264.433,0.1725,0.79,-0.065,0,0,0
1264.444,0.1725,0.79,-0.065,0,0,0
1264.4560000000001,0.1725,0.79,-0.065,0,0,0
1264.4669999999999,0.1725,0.79,-0.065,0,0,0
1264.478,0.1725,0.79,-0.065,0,0,0
1264.489,0.1725,0.79,-0.065,0,0,0
1264.5,0.1725,0.79,-0.065,0,0,0
1264.511,0.1725,0.79,-0.065,0,0,0
1264.522,0.1725,0.79,-0.065,0,0,0
1264.5330000000001,0.1725,0.79,-0.065,0,0,0
1264.5439999999999,0.1725,0.79,-0.065,0,0,0
1264.556,0.1725,0.79,-0.065,0,0,0
1264.567,0.1725,0.79,-0.065,0,0,0
1264.578,0.1725,0.79,-0.065,0,0,0
1264.589,0.1725,0.79,-0.065,0,0,0
1264.6,0.1725,0.79,-0.065,0,0,0
1264.611,0.1725,0.79,-0.065,0,0,0
1264.622,0.1725,0.79,-0.065,0,0,0
1264.633,0.1725,0.79,-0.065,0,0,0
1264.645,0.1725,0.79,-0.065,0,0,0
1264.656,0.1725,0.79,-0.065,0,0,0
1264.667,0.1725,0.79,-0.065,0,0,0
1264.678,0.1725,0.79,-0.065,0,0,0
1264.6889999999999,0.1725,0.79,-0.065,0,0,0
1264.7,0.1725,0.79,-0.065,0,0,0
1264.711,0.1725,0.79,-0.065,0,0,0
1264.722,0.1725,0.79,-0.065,0,0,0
1264.733,0.1725,0.79,-0.065,0,0,0
1264.745,0.1725,0.79,-0.065,0,0,0
1264.756,0.1725,0.79,-0.065,0,0,0
1264.767,0.1725,0.79,-0.065,0,0,0
1264.778,0.1725,0.79,-0.065,0,0,0
1264.789,0.1725,0.79,-0.065,0,0,0
1264.8,0.1725,0.79,-0.065,0,0,0
1264.8110000000001,0.1725,0.79,-0.065,0,0,0
1264.822,0.1725,0.79,-0.065,0,0,0
1264.833,0.1725,0.79,-0.065,0,0,0
1264.844,0.1725,0.79,-0.065,0,0,0
1264.856,0.1725,0.79,-0.065,0,0,0
1264.867,0.1725,0.79,-0.065,0,0,0
1264.878,0.1725,0.79,-0.065,0,0,0
1264.889,0.1725,0.79,-0.065,0,0,0
1264.9,0.1725,0.79,-0.065,0,0,0
1264.911,0.1725,0.79,-0.065,0,0,0
1264.922,0.1725,0.79,-0.065,0,0,0
1264.933,0.1725,0.79,-0.065,0,0,0
1264.944,0.1725,0.79,-0.065,0,0,0
1264.9560000000001,0.1725,0.79,-0.065,0,0,0
1264.9669999999999,0.1725,0.79,-0.065,0,0,0
1264.978,0.1725,0.79,-0.065,0,0,0
1264.989,0.1725,0.79,-0.065,0,0,0
1265.0,0.1725,0.79,-0.065,0,0,0
1265.011,0.1725,0.79,-0.065,0,0,0
1265.022,0.1725,0.79,-0.065,0,0,0
1265.0330000000001,0.1725,0.79,-0.065,0,0,0
1265.0439999999999,0.1725,0.79,-0.065,0,0,0
1265.056,0.1725,0.79,-0.065,0,0,0
1265.067,0.1725,0.79,-0.065,0,0,0
1265.078,0.1725,0.79,-0.065,0,0,0
1265.089,0.1725,0.79,-0.065,0,0,0
1265.1,0.1725,0.79,-0.065,0,0,0
1265.111,0.1725,0.79,-0.065,0,0,0
1265.122,0.1725,0.79,-0.065,0,0,0
1265.133,0.1725,0.79,-0.065,0,0,0
1265.145,0.1725,0.79,-0.065,0,0,0
1265.156,0.1725,0.79,-0.065,0,0,0
1265.167,0.1725,0.79,-0.065,0,0,0
1265.178,0.1725,0.79,-0.065,0,0,0
1265.1889999999999,0.1725,0.79,-0.065,0,0,0
1265.2,0.1725,0.79,-0.065,0,0,0
1265.211,0.1725,0.79,-0.065,0,0,0
1265.222,0.1725,0.79,-0.065,0,0,0
1265.233,0.1725,0.79,-0.065,0,0,0
1265.245,0.1725,0.79,-0.065,0,0,0
1265.256,0.1725,0.79,-0.065,0,0,0
1265.267,0.1725,0.79,-0.065,0,0,0
1265.278,0.1725,0.79,-0.065,0,0,0
1265.289,0.1725,0.79,-0.065,0,0,0
1265.3,0.1725,0.79,-0.065,0,0,0
1265.3110000000001,0.1725,0.79,-0.065,0,0,0
1265.322,0.1725,0.79,-0.065,0,0,0
1265.333,0.1725,0.79,-0.065,0,0,0
1265.344,0.1725,0.79,-0.065,0,0,0
1265.356,0.1725,0.79,-0.065,0,0,0
1265.367,0.1725,0.79,-0.065,0,0,0
1265.378,0.1725,0.79,-0.065,0,0,0
1265.389,0.1725,0.79,-0.065,0,0,0
1265.4,0.1725,0.79,-0.065,0,0,0
1265.411,0.1725,0.79,-0.065,0,0,0
1265.422,0.1725,0.79,-0.065,0,0,0
1265.433,0.1725,0.79,-0.065,0,0,0
1265.444,0.1725,0.79,-0.065,0,0,0
1265.4560000000001,0.1725,0.79,-0.065,0,0,0
1265.4669999999999,0.1725,0.79,-0.065,0,0,0
1265.478,0.1725,0.79,-0.065,0,0,0
1265.489,0.1725,0.79,-0.065,0,0,0
1265.5,0.1725,0.79,-0.065,0,0,0
1265.511,0.1725,0.79,-0.065,0,0,0
1265.522,0.1725,0.79,-0.065,0,0,0
1265.5330000000001,0.1725,0.79,-0.065,0,0,0
1265.5439999999999,0.1725,0.79,-0.065,0,0,0
1265.556,0.1725,0.79,-0.065,0,0,0
1265.567,0.1725,0.79,-0.065,0,0,0
1265.578,0.1725,0.79,-0.065,0,0,0
1265.589,0.1725,0.79,-0.065,0,0,0
1265.6,0.1725,0.79,-0.065,0,0,0
1265.611,0.1725,0.79,-0.065,0,0,0
1265.622,0.1725,0.79,-0.065,0,0,0
1265.633,0.1725,0.79,-0.065,0,0,0
1265.645,0.1725,0.79,-0.065,0,0,0
1265.656,0.1725,0.79,-0.065,0,0,0
1265.667,0.1725,0.79,-0.065,0,0,0
1265.678,0.1725,0.79,-0.065,0,0,0
1265.6889999999999,0.1725,0.79,-0.065,0,0,0
1265.7,0.1725,0.79,-0.065,0,0,0
1265.711,0.1725,0.79,-0.065,0,0,0
1265.722,0.1725,0.79,-0.065,0,0,0
1265.733,0.1725,0.79,-0.065,0,0,0
1265.745,0.1725,0.79,-0.065,0,0,0
1265.756,0.1725,0.79,-0.065,0,0,0
1265.767,0.1725,0.79,-0.065,0,0,0
1265.778,0.1725,0.79,-0.065,0,0,0
1265.789,0.1725,0.79,-0.065,0,0,0
1265.8,0.1725,0.79,-0.065,0,0,0
1265.8110000000001,0.1725,0.79,-0.065,0,0,0
1265.822,0.1725,0.79,-0.065,0,0,0
1265.833,0.1725,0.79,-0.065,0,0,0
1265.844,0.1725,0.79,-0.065,0,0,0
1265.856,0.1725,0.79,-0.065,0,0,0
1265.867,0.1725,0.79,-0.065,0,0,0
1265.878,0.1725,0.79,-0.065,0,0,0
1265.889,0.1725,0.79,-0.065,0,0,0
1265.9,0.1725,0.79,-0.065,0,0,0
1265.911,0.1725,0.79,-0.065,0,0,0
1265.922,0.1725,0.79,-0.065,0,0,0
1265.933,0.1725,0.79,-0.065,0,0,0
1265.944,0.1725,0.79,-0.065,0,0,0
1265.9560000000001,0.1725,0.79,-0.065,0,0,0
1265.9669999999999,0.1725,0.79,-0.065,0,0,0
1265.978,0.1725,0.79,-0.065,0,0,0
1265.989,0.1725,0.79,-0.065,0,0,0
1266.0,0.1725,0.79,-0.065,0,0,0
1266.011,0.1725,0.79,-0.065,0,0,0
1266.022,0.1725,0.79,-0.065,0,0,0
1266.0330000000001,0.1725,0.79,-0.065,0,0,0
1266.0439999999999,0.1725,0.79,-0.065,0,0,0
1266.056,0.1725,0.79,-0.065,0,0,0
1266.067,0.1725,0.79,-0.065,0,0,0
1266.078,0.1725,0.79,-0.065,0,0,0
1266.089,0.1725,0.79,-0.065,0,0,0
1266.1,0.1725,0.79,-0.065,0,0,0
1266.111,0.1725,0.79,-0.065,0,0,0
1266.122,0.1725,0.79,-0.065,0,0,0
1266.133,0.1725,0.79,-0.065,0,0,0
1266.145,0.1725,0.79,-0.065,0,0,0
1266.156,0.1725,0.79,-0.065,0,0,0
1266.167,0.1725,0.79,-0.065,0,0,0
1266.178,0.1725,0.79,-0.065,0,0,0
1266.1889999999999,0.1725,0.79,-0.065,0,0,0
1266.2,0.1725,0.79,-0.065,0,0,0
1266.211,0.1725,0.79,-0.065,0,0,0
1266.222,0.1725,0.79,-0.065,0,0,0
1266.233,0.1725,0.79,-0.065,0,0,0
1266.245,0.1725,0.79,-0.065,0,0,0
1266.256,0.1725,0.79,-0.065,0,0,0
1266.267,0.1725,0.79,-0.065,0,0,0
1266.278,0.1725,0.79,-0.065,0,0,0
1266.289,0.1725,0.79,-0.065,0,0,0
1266.3,0.1725,0.79,-0.065,0,0,0
1266.3110000000001,0.1725,0.79,-0.065,0,0,0
1266.322,0.1725,0.79,-0.065,0,0,0
1266.333,0.1725,0.79,-0.065,0,0,0
1266.344,0.1725,0.79,-0.065,0,0,0
1266.356,0.1725,0.79,-0.065,0,0,0
1266.367,0.1725,0.79,-0.065,0,0,0
1266.378,0.1725,0.79,-0.065,0,0,0
1266.389,0.1725,0.79,-0.065,0,0,0
1266.4,0.1725,0.79,-0.065,0,0,0
1266.411,0.1725,0.79,-0.065,0,0,0
1266.422,0.1725,0.79,-0.065,0,0,0
1266.433,0.1725,0.79,-0.065,0,0,0
1266.444,0.1725,0.79,-0.065,0,0,0
1266.4560000000001,0.1725,0.79,-0.065,0,0,0
1266.4669999999999,0.1725,0.79,-0.065,0,0,0
1266.478,0.1725,0.79,-0.065,0,0,0
1266.489,0.1725,0.79,-0.065,0,0,0
1266.5,0.1725,0.79,-0.065,0,0,0
1266.511,0.1725,0.79,-0.065,0,0,0
1266.522,0.1725,0.79,-0.065,0,0,0
1266.5330000000001,0.1725,0.79,-0.065,0,0,0
1266.5439999999999,0.1725,0.79,-0.065,0,0,0
1266.556,0.1725,0.79,-0.065,0,0,0
1266.567,0.1725,0.79,-0.065,0,0,0
1266.578,0.1725,0.79,-0.065,0,0,0
1266.589,0.1725,0.79,-0.065,0,0,0
1266.6,0.1725,0.79,-0.065,0,0,0
1266.611,0.1725,0.79,-0.065,0,0,0
1266.622,0.1725,0.79,-0.065,0,0,0
1266.633,0.1725,0.79,-0.065,0,0,0
1266.645,0.1725,0.79,-0.065,0,0,0
1266.656,0.1725,0.79,-0.065,0,0,0
1266.667,0.1725,0.79,-0.065,0,0,0
1266.678,0.1725,0.79,-0.065,0,0,0
1266.6889999999999,0.1725,0.79,-0.065,0,0,0
1266.7,0.1725,0.79,-0.065,0,0,0
1266.711,0.1725,0.79,-0.065,0,0,0
1266.722,0.1725,0.79,-0.065,0,0,0
1266.733,0.1725,0.79,-0.065,0,0,0
1266.745,0.1725,0.79,-0.065,0,0,0
1266.756,0.1725,0.79,-0.065,0,0,0
1266.767,0.1725,0.79,-0.065,0,0,0
1266.778,0.1725,0.79,-0.065,0,0,0
1266.789,0.1725,0.79,-0.065,0,0,0
1266.8,0.1725,0.79,-0.065,0,0,0
1266.8110000000001,0.1725,0.79,-0.065,0,0,0
1266.822,0.1725,0.79,-0.065,0,0,0
1266.833,0.1725,0.79,-0.065,0,0,0
1266.844,0.1725,0.79,-0.065,0,0,0
1266.856,0.1725,0.79,-0.065,0,0,0
1266.867,0.1725,0.79,-0.065,0,0,0
1266.878,0.1725,0.79,-0.065,0,0,0
1266.889,0.1725,0.79,-0.065,0,0,0
1266.9,0.1725,0.79,-0.065,0,0,0
1266.911,0.1725,0.79,-0.065,0,0,0
1266.922,0.1725,0.79,-0.065,0,0,0
1266.933,0.1725,0.79,-0.065,0,0,0
1266.944,0.1725,0.79,-0.065,0,0,0
1266.9560000000001,0.1725,0.79,-0.065,0,0,0
1266.9669999999999,0.1725,0.79,-0.065,0,0,0
1266.978,0.1725,0.79,-0.065,0,0,0
1266.989,0.1725,0.79,-0.065,0,0,0
1267.0,0.1725,0.79,-0.065,0,0,0
1267.011,0.1725,0.79,-0.065,0,0,0
1267.022,0.1725,0.79,-0.065,0,0,0
1267.0330000000001,0.1725,0.79,-0.065,0,0,0
1267.0439999999999,0.1725,0.79,-0.065,0,0,0
1267.056,0.1725,0.79,-0.065,0,0,0
1267.067,0.1725,0.79,-0.065,0,0,0
1267.078,0.1725,0.79,-0.065,0,0,0
1267.089,0.1725,0.79,-0.065,0,0,0
1267.1,0.1725,0.79,-0.065,0,0,0
1267.111,0.1725,0.79,-0.065,0,0,0
1267.122,0.1725,0.79,-0.065,0,0,0
1267.133,0.1725,0.79,-0.065,0,0,0
1267.145,0.1725,0.79,-0.065,0,0,0
1267.156,0.1725,0.79,-0.065,0,0,0
1267.167,0.1725,0.79,-0.065,0,0,0
1267.178,0.1725,0.79,-0.065,0,0,0
1267.1889999999999,0.1725,0.79,-0.065,0,0,0
1267.2,0.1725,0.79,-0.065,0,0,0
1267.211,0.1725,0.79,-0.065,0,0,0
1267.222,0.1725,0.79,-0.065,0,0,0
1267.233,0.1725,0.79,-0.065,0,0,0
1267.245,0.1725,0.79,-0.065,0,0,0
1267.256,0.1725,0.79,-0.065,0,0,0
1267.267,0.1725,0.79,-0.065,0,0,0
1267.278,0.1725,0.79,-0.065,0,0,0
1267.289,0.1725,0.79,-0.065,0,0,0
1267.3,0.1725,0.79,-0.065,0,0,0
1267.3110000000001,0.1725,0.79,-0.065,0,0,0
1267.322,0.1725,0.79,-0.065,0,0,0
1267.333,0.1725,0.79,-0.065,0,0,0
1267.344,0.1725,0.79,-0.065,0,0,0
1267.356,0.1725,0.79,-0.065,0,0,0
1267.367,0.1725,0.79,-0.065,0,0,0
1267.378,0.1725,0.79,-0.065,0,0,0
1267.389,0.1725,0.79,-0.065,0,0,0
1267.4,0.1725,0.79,-0.065,0,0,0
1267.411,0.1725,0.79,-0.065,0,0,0
1267.422,0.1725,0.79,-0.065,0,0,0
1267.433,0.1725,0.79,-0.065,0,0,0
1267.444,0.1725,0.79,-0.065,0,0,0
1267.4560000000001,0.1725,0.79,-0.065,0,0,0
1267.4669999999999,0.1725,0.79,-0.065,0,0,0
1267.478,0.1725,0.79,-0.065,0,0,0
1267.489,0.1725,0.79,-0.065,0,0,0
1267.5,0.1725,0.79,-0.065,0,0,0
1267.511,0.1725,0.79,-0.065,0,0,0
1267.522,0.1725,0.79,-0.065,0,0,0
1267.5330000000001,0.1725,0.79,-0.065,0,0,0
1267.5439999999999,0.1725,0.79,-0.065,0,0,0
1267.556,0.1725,0.79,-0.065,0,0,0
1267.567,0.1725,0.79,-0.065,0,0,0
1267.578,0.1725,0.79,-0.065,0,0,0
1267.589,0.1725,0.79,-0.065,0,0,0
1267.6,0.1725,0.79,-0.065,0,0,0
1267.611,0.1725,0.79,-0.065,0,0,0
1267.622,0.1725,0.79,-0.065,0,0,0
1267.633,0.1725,0.79,-0.065,0,0,0
1267.645,0.1725,0.79,-0.065,0,0,0
1267.656,0.1725,0.79,-0.065,0,0,0
1267.667,0.1725,0.79,-0.065,0,0,0
1267.678,0.1725,0.79,-0.065,0,0,0
1267.6889999999999,0.1725,0.79,-0.065,0,0,0
1267.7,0.1725,0.79,-0.065,0,0,0
1267.711,0.1725,0.79,-0.065,0,0,0
1267.722,0.1725,0.79,-0.065,0,0,0
1267.733,0.1725,0.79,-0.065,0,0,0
1267.745,0.1725,0.79,-0.065,0,0,0
1267.756,0.1725,0.79,-0.065,0,0,0
1267.767,0.1725,0.79,-0.065,0,0,0
1267.778,0.1725,0.79,-0.065,0,0,0
1267.789,0.1725,0.79,-0.065,0,0,0
1267.8,0.1725,0.79,-0.065,0,0,0
1267.8110000000001,0.1725,0.79,-0.065,0,0,0
1267.822,0.1725,0.79,-0.065,0,0,0
1267.833,0.1725,0.79,-0.065,0,0,0
1267.844,0.1725,0.79,-0.065,0,0,0
1267.856,0.1725,0.79,-0.065,0,0,0
1267.867,0.1725,0.79,-0.065,0,0,0
1267.878,0.1725,0.79,-0.065,0,0,0
1267.889,0.1725,0.79,-0.065,0,0,0
1267.9,0.1725,0.79,-0.065,0,0,0
1267.911,0.1725,0.79,-0.065,0,0,0
1267.922,0.1725,0.79,-0.065,0,0,0
1267.933,0.1725,0.79,-0.065,0,0,0
1267.944,0.1725,0.79,-0.065,0,0,0
1267.9560000000001,0.1725,0.79,-0.065,0,0,0
1267.9669999999999,0.1725,0.79,-0.065,0,0,0
1267.978,0.1725,0.79,-0.065,0,0,0
1267.989,0.1725,0.79,-0.065,0,0,0
1268.0,0.1725,0.79,-0.065,0,0,0
1268.011,0.1725,0.79,-0.065,0,0,0
1268.022,0.1725,0.79,-0.065,0,0,0
1268.0330000000001,0.1725,0.79,-0.065,0,0,0
1268.0439999999999,0.1725,0.79,-0.065,0,0,0
1268.056,0.1725,0.79,-0.065,0,0,0
1268.067,0.1725,0.79,-0.065,0,0,0
1268.078,0.1725,0.79,-0.065,0,0,0
1268.089,0.1725,0.79,-0.065,0,0,0
1268.1,0.1725,0.79,-0.065,0,0,0
1268.111,0.1725,0.79,-0.065,0,0,0
1268.122,0.1725,0.79,-0.065,0,0,0
1268.133,0.1725,0.79,-0.065,0,0,0
1268.145,0.1725,0.79,-0.065,0,0,0
1268.156,0.1725,0.79,-0.065,0,0,0
1268.167,0.1725,0.79,-0.065,0,0,0
1268.178,0.1725,0.79,-0.065,0,0,0
1268.1889999999999,0.1725,0.79,-0.065,0,0,0
1268.2,0.1725,0.79,-0.065,0,0,0
1268.211,0.1725,0.79,-0.065,0,0,0
1268.222,0.1725,0.79,-0.065,0,0,0
1268.233,0.1725,0.79,-0.065,0,0,0
1268.245,0.1725,0.79,-0.065,0,0,0
1268.256,0.1725,0.79,-0.065,0,0,0
1268.267,0.1725,0.79,-0.065,0,0,0
1268.278,0.1725,0.79,-0.065,0,0,0
1268.289,0.1725,0.79,-0.065,0,0,0
1268.3,0.1725,0.79,-0.065,0,0,0
1268.3110000000001,0.1725,0.79,-0.065,0,0,0
1268.322,0.1725,0.79,-0.065,0,0,0
1268.333,0.1725,0.79,-0.065,0,0,0
1268.344,0.1725,0.79,-0.065,0,0,0
1268.356,0.1725,0.79,-0.065,0,0,0
1268.367,0.1725,0.79,-0.065,0,0,0
1268.378,0.1725,0.79,-0.065,0,0,0
1268.389,0.1725,0.79,-0.065,0,0,0
1268.4,0.1725,0.79,-0.065,0,0,0
1268.411,0.1725,0.79,-0.065,0,0,0
1268.422,0.1725,0.79,-0.065,0,0,0
1268.433,0.1725,0.79,-0.065,0,0,0
1268.444,0.1725,0.79,-0.065,0,0,0
1268.4560000000001,0.1725,0.79,-0.065,0,0,0
1268.4669999999999,0.1725,0.79,-0.065,0,0,0
1268.478,0.1725,0.79,-0.065,0,0,0
1268.489,0.1725,0.79,-0.065,0,0,0
1268.5,0.1725,0.79,-0.065,0,0,0
1268.511,0.1725,0.79,-0.065,0,0,0
1268.522,0.1725,0.79,-0.065,0,0,0
1268.5330000000001,0.1725,0.79,-0.065,0,0,0
1268.5439999999999,0.1725,0.79,-0.065,0,0,0
1268.556,0.1725,0.79,-0.065,0,0,0
1268.567,0.1725,0.79,-0.065,0,0,0
1268.578,0.1725,0.79,-0.065,0,0,0
1268.589,0.1725,0.79,-0.065,0,0,0
1268.6,0.1725,0.79,-0.065,0,0,0
1268.611,0.1725,0.79,-0.065,0,0,0
1268.622,0.1725,0.79,-0.065,0,0,0
1268.633,0.1725,0.79,-0.065,0,0,0
1268.645,0.1725,0.79,-0.065,0,0,0
1268.656,0.1725,0.79,-0.065,0,0,0
1268.667,0.1725,0.79,-0.065,0,0,0
1268.678,0.1725,0.79,-0.065,0,0,0
1268.6889999999999,0.1725,0.79,-0.065,0,0,0
1268.7,0.1725,0.79,-0.065,0,0,0
1268.711,0.1725,0.79,-0.065,0,0,0
1268.722,0.1725,0.79,-0.065,0,0,0
1268.733,0.1725,0.79,-0.065,0,0,0
1268.745,0.1725,0.79,-0.065,0,0,0
1268.756,0.1725,0.79,-0.065,0,0,0
1268.767,0.1725,0.79,-0.065,0,0,0
1268.778,0.1725,0.79,-0.065,0,0,0
1268.789,0.1725,0.79,-0.065,0,0,0
1268.8,0.1725,0.79,-0.065,0,0,0
1268.8110000000001,0.1725,0.79,-0.065,0,0,0
1268.822,0.1725,0.79,-0.065,0,0,0
1268.833,0.1725,0.79,-0.065,0,0,0
1268.844,0.1725,0.79,-0.065,0,0,0
1268.856,0.1725,0.79,-0.065,0,0,0
1268.867,0.1725,0.79,-0.065,0,0,0
1268.878,0.1725,0.79,-0.065,0,0,0
1268.889,0.1725,0.79,-0.065,0,0,0
1268.9,0.1725,0.79,-0.065,0,0,0
1268.911,0.1725,0.79,-0.065,0,0,0
1268.922,0.1725,0.79,-0.065,0,0,0
1268.933,0.1725,0.79,-0.065,0,0,0
1268.944,0.1725,0.79,-0.065,0,0,0
1268.9560000000001,0.1725,0.79,-0.065,0,0,0
1268.9669999999999,0.1725,0.79,-0.065,0,0,0
1268.978,0.1725,0.79,-0.065,0,0,0
1268.989,0.1725,0.79,-0.065,0,0,0
1269.0,0.1725,0.79,-0.065,0,0,0
1269.011,0.1725,0.79,-0.065,0,0,0
1269.022,0.1725,0.79,-0.065,0,0,0
1269.0330000000001,0.1725,0.79,-0.065,0,0,0
1269.0439999999999,0.1725,0.79,-0.065,0,0,0
1269.056,0.1725,0.79,-0.065,0,0,0
1269.067,0.1725,0.79,-0.065,0,0,0
1269.078,0.1725,0.79,-0.065,0,0,0
1269.089,0.1725,0.79,-0.065,0,0,0
1269.1,0.1725,0.79,-0.065,0,0,0
1269.111,0.1725,0.79,-0.065,0,0,0
1269.122,0.1725,0.79,-0.065,0,0,0
1269.133,0.1725,0.79,-0.065,0,0,0
1269.145,0.1725,0.79,-0.065,0,0,0
1269.156,0.1725,0.79,-0.065,0,0,0
1269.167,0.1725,0.79,-0.065,0,0,0
1269.178,0.1725,0.79,-0.065,0,0,0
1269.1889999999999,0.1725,0.79,-0.065,0,0,0
1269.2,0.1725,0.79,-0.065,0,0,0
1269.211,0.1725,0.79,-0.065,0,0,0
1269.222,0.1725,0.79,-0.065,0,0,0
1269.233,0.1725,0.79,-0.065,0,0,0
1269.245,0.1725,0.79,-0.065,0,0,0
1269.256,0.1725,0.79,-0.065,0,0,0
1269.267,0.1725,0.79,-0.065,0,0,0
1269.278,0.1725,0.79,-0.065,0,0,0
1269.289,0.1725,0.79,-0.065,0,0,0
1269.3,0.1725,0.79,-0.065,0,0,0
1269.3110000000001,0.1725,0.79,-0.065,0,0,0
1269.322,0.1725,0.79,-0.065,0,0,0
1269.333,0.1725,0.79,-0.065,0,0,0
1269.344,0.1725,0.79,-0.065,0,0,0
1269.356,0.1725,0.79,-0.065,0,0,0
1269.367,0.1725,0.79,-0.065,0,0,0
1269.378,0.1725,0.79,-0.065,0,0,0
1269.389,0.1725,0.79,-0.065,0,0,0
1269.4,0.1725,0.79,-0.065,0,0,0
1269.411,0.1725,0.79,-0.065,0,0,0
1269.422,0.1725,0.79,-0.065,0,0,0
1269.433,0.1725,0.79,-0.065,0,0,0
1269.444,0.1725,0.79,-0.065,0,0,0
1269.4560000000001,0.1725,0.79,-0.065,0,0,0
1269.4669999999999,0.1725,0.79,-0.065,0,0,0
1269.478,0.1725,0.79,-0.065,0,0,0
1269.489,0.1725,0.79,-0.065,0,0,0
1269.5,0.1725,0.79,-0.065,0,0,0
1269.511,0.1725,0.79,-0.065,0,0,0
1269.522,0.1725,0.79,-0.065,0,0,0
1269.5330000000001,0.1725,0.79,-0.065,0,0,0
1269.5439999999999,0.1725,0.79,-0.065,0,0,0
1269.556,0.1725,0.79,-0.065,0,0,0
1269.567,0.1725,0.79,-0.065,0,0,0
1269.578,0.1725,0.79,-0.065,0,0,0
1269.589,0.1725,0.79,-0.065,0,0,0
1269.6,0.1725,0.79,-0.065,0,0,0
1269.611,0.1725,0.79,-0.065,0,0,0
1269.622,0.1725,0.79,-0.065,0,0,0
1269.633,0.1725,0.79,-0.065,0,0,0
1269.645,0.1725,0.79,-0.065,0,0,0
1269.656,0.1725,0.79,-0.065,0,0,0
1269.667,0.1725,0.79,-0.065,0,0,0
1269.678,0.1725,0.79,-0.065,0,0,0
1269.6889999999999,0.1725,0.79,-0.065,0,0,0
1269.7,0.1725,0.79,-0.065,0,0,0
1269.711,0.1725,0.79,-0.065,0,0,0
1269.722,0.1725,0.79,-0.065,0,0,0
1269.733,0.1725,0.79,-0.065,0,0,0
1269.745,0.1725,0.79,-0.065,0,0,0
1269.756,0.1725,0.79,-0.065,0,0,0
1269.767,0.1725,0.79,-0.065,0,0,0
1269.778,0.1725,0.79,-0.065,0,0,0
1269.789,0.1725,0.79,-0.065,0,0,0
1269.8,0.1725,0.79,-0.065,0,0,0
1269.8110000000001,0.1725,0.79,-0.065,0,0,0
1269.822,0.1725,0.79,-0.065,0,0,0
1269.833,0.1725,0.79,-0.065,0,0,0
1269.844,0.1725,0.79,-0.065,0,0,0
1269.856,0.1725,0.79,-0.065,0,0,0
1269.867,0.1725,0.79,-0.065,0,0,0
1269.878,0.1725,0.79,-0.065,0,0,0
1269.889,0.1725,0.79,-0.065,0,0,0
1269.9,0.1725,0.79,-0.065,0,0,0
1269.911,0.1725,0.79,-0.065,0,0,0
1269.922,0.1725,0.79,-0.065,0,0,0
1269.933,0.1725,0.79,-0.065,0,0,0
1269.944,0.1725,0.79,-0.065,0,0,0
1269.9560000000001,0.1725,0.79,-0.065,0,0,0
1269.9669999999999,0.1725,0.79,-0.065,0,0,0
1269.978,0.1725,0.79,-0.065,0,0,0
1269.989,0.1725,0.79,-0.065,0,0,0
1270.0,0.1725,0.79,-0.065,0,0,0
1270.011,0.1725,0.79,-0.065,0,0,0
1270.022,0.1725,0.79,-0.065,0,0,0
1270.0330000000001,0.1725,0.79,-0.065,0,0,0
1270.0439999999999,0.1725,0.79,-0.065,0,0,0
1270.056,0.1725,0.79,-0.065,0,0,0
1270.067,0.1725,0.79,-0.065,0,0,0
1270.078,0.1725,0.79,-0.065,0,0,0
1270.089,0.1725,0.79,-0.065,0,0,0
1270.1,0.1725,0.79,-0.065,0,0,0
1270.111,0.1725,0.79,-0.065,0,0,0
1270.122,0.1725,0.79,-0.065,0,0,0
1270.133,0.1725,0.79,-0.065,0,0,0
1270.145,0.1725,0.79,-0.065,0,0,0
