time,FailOnTouchObstacleShort_pos_x,FailOnTouchObstacleShort_pos_y,FailOnTouchObstacleShort_pos_z,FailOnTouchObstacleShort_rot_x,FailOnTouchObstacleShort_rot_y,FailOnTouchObstacleShort_rot_z
826.2111,0.2175,0.79,-0.105,0.0,0.0,0.0
826.2222,0.2175,0.79,-0.105,-0.001,-0.001,-0.001
826.2333,0.2175,0.79,-0.105,-0.002,-0.002,-0.002
826.2444,0.2175,0.79,-0.105,-0.0024,-0.0024,-0.0024
826.2556,0.2175,0.79,-0.105,-0.0025,-0.0025,-0.0025
826.2667,0.2175,0.79,-0.105,-0.0023,-0.0023,-0.0023
826.2778,0.2175,0.79,-0.105,-0.0022,-0.0022,-0.0022
826.2889,0.2175,0.79,-0.105,-0.0021,-0.0021,-0.0021
826.3,0.2175,0.79,-0.105,-0.0021,-0.0021,-0.0021
826.3112,0.2175,0.79,-0.105,-0.0022,-0.0022,-0.0022
826.3223,0.2175,0.79,-0.105,-0.0022,-0.0022,-0.0022
826.3334,0.2175,0.79,-0.105,-0.0022,-0.0022,-0.0022
826.3445,0.2175,0.79,-0.105,-0.0022,-0.0022,-0.0022
826.3556,0.2175,0.79,-0.105,-0.0022,-0.0022,-0.0022
826.3667,0.2175,0.79,-0.105,-0.0022,-0.0022,-0.0022
826.3778,0.2175,0.79,-0.105,-0.0022,-0.0022,-0.0022
826.3889,0.2175,0.79,-0.105,-0.0022,-0.0022,-0.0022
826.4,0.2175,0.79,-0.105,-0.0022,-0.0022,-0.0022
826.4111,0.2175,0.79,-0.105,-0.0022,-0.0022,-0.0022
826.4222,0.2175,0.79,-0.105,-0.0022,-0.0022,-0.0022
826.4333,0.2175,0.79,-0.105,-0.0022,-0.0022,-0.0022
826.4445,0.2175,0.79,-0.105,-0.0022,-0.0022,-0.0022
826.4556,0.2175,0.79,-0.105,-0.0022,-0.0022,-0.0022
826.4667,0.2175,0.79,-0.105,-0.0022,-0.0022,-0.0022
826.4778,0.2175,0.79,-0.105,-0.0022,-0.0022,-0.0022
826.4889,0.2175,0.79,-0.105,-0.0022,-0.0022,-0.0022
826.5,0.2175,0.79,-0.105,-0.0022,-0.0022,-0.0022
826.5111,0.2175,0.79,-0.105,-0.0022,-0.0022,-0.0022
826.5222,0.2175,0.79,-0.105,-0.0022,-0.0022,-0.0022
826.5333,0.2175,0.79,-0.105,-0.0022,-0.0022,-0.0022
826.5445,0.2175,0.79,-0.105,-0.0022,-0.0022,-0.0022
826.5556,0.2175,0.79,-0.105,-0.0022,-0.0022,-0.0022
826.5667,0.2175,0.79,-0.105,-0.0022,-0.0022,-0.0022
826.5778,0.2175,0.79,-0.105,-0.0022,-0.0022,-0.0022
826.5889,0.2175,0.79,-0.105,-0.0022,-0.0022,-0.0022
826.6,0.2175,0.79,-0.105,-0.0022,-0.0022,-0.0022
826.6111,0.2175,0.79,-0.105,-0.0022,-0.0022,-0.0022
826.6223,0.2175,0.79,-0.105,-0.0022,-0.0022,-0.0022
826.6334,0.2175,0.79,-0.105,-0.0022,-0.0022,-0.0022
826.6445,0.2175,0.79,-0.105,-0.0022,-0.0022,-0.0022
826.6556,0.2175,0.79,-0.105,-0.0022,-0.0022,-0.0022
826.6667,0.2175,0.79,-0.105,-0.0022,-0.0022,-0.0022
826.6778,0.2175,0.79,-0.105,-0.0022,-0.0022,-0.0022
826.6889,0.2175,0.79,-0.105,-0.0022,-0.0022,-0.0022
826.7,0.2175,0.79,-0.105,-0.0022,-0.0022,-0.0022
826.7111,0.2175,0.79,-0.105,-0.0022,-0.0022,-0.0022
826.7222,0.2175,0.79,-0.105,-0.0022,-0.0022,-0.0022
826.7333,0.2175,0.79,-0.105,-0.0022,-0.0022,-0.0022
826.7444,0.2175,0.79,-0.105,-0.0022,-0.0022,-0.0022
826.7556,0.2175,0.79,-0.105,-0.0022,-0.0022,-0.0022
826.7667,0.2175,0.79,-0.105,-0.0022,-0.0022,-0.0022
826.7778,0.2175,0.79,-0.105,-0.0022,-0.0022,-0.0022
826.7889,0.2175,0.79,-0.105,-0.0022,-0.0022,-0.0022
826.8,0.2175,0.79,-0.105,-0.0022,-0.0022,-0.0022
826.8112,0.2175,0.79,-0.105,-0.0022,-0.0022,-0.0022
826.8223,0.2175,0.79,-0.105,-0.0022,-0.0022,-0.0022
826.8334,0.2175,0.79,-0.105,-0.0022,-0.0022,-0.0022
826.8445,0.2175,0.79,-0.105,-0.0022,-0.0022,-0.0022
826.8556,0.2175,0.79,-0.105,-0.0022,-0.0022,-0.0022
826.8667,0.2175,0.79,-0.105,-0.0022,-0.0022,-0.0022
826.8778,0.2175,0.79,-0.105,-0.0022,-0.0022,-0.0022
826.8889,0.2175,0.79,-0.105,-0.0022,-0.0022,-0.0022
826.9,0.2175,0.79,-0.105,-0.0022,-0.0022,-0.0022
826.9111,0.2175,0.79,-0.105,-0.0022,-0.0022,-0.0022
826.9222,0.2175,0.79,-0.105,-0.0022,-0.0022,-0.0022
826.9333,0.2175,0.79,-0.105,-0.0022,-0.0022,-0.0022
826.9445,0.2175,0.79,-0.105,-0.0022,-0.0022,-0.0022
826.9556,0.2175,0.79,-0.105,-0.0022,-0.0022,-0.0022
826.9667,0.2175,0.79,-0.105,-0.0022,-0.0022,-0.0022
826.9778,0.2175,0.79,-0.105,-0.0022,-0.0022,-0.0022
826.9889,0.2175,0.79,-0.105,-0.0022,-0.0022,-0.0022
827.0,0.2175,0.79,-0.105,-0.0022,-0.0022,-0.0022
827.0111,0.2175,0.79,-0.105,-0.0022,-0.0022,-0.0022
827.0222,0.2175,0.79,-0.105,-0.0022,-0.0022,-0.0022
827.0333,0.2175,0.79,-0.105,-0.0022,-0.0022,-0.0022
827.0445,0.2175,0.79,-0.105,-0.0022,-0.0022,-0.0022
827.0556,0.2175,0.79,-0.105,-0.0022,-0.0022,-0.0022
827.0667,0.2175,0.79,-0.105,-0.0022,-0.0022,-0.0022
827.0778,0.2175,0.79,-0.105,-0.0022,-0.0022,-0.0022
827.0889,0.2175,0.79,-0.105,-0.0022,-0.0022,-0.0022
827.1,0.2175,0.79,-0.105,-0.0022,-0.0022,-0.0022
827.1111,0.2175,0.79,-0.105,-0.0022,-0.0022,-0.0022
827.1223,0.2175,0.79,-0.105,-0.0022,-0.0022,-0.0022
827.1334,0.2175,0.79,-0.105,-0.0022,-0.0022,-0.0022
827.1445,0.2175,0.79,-0.105,-0.0022,-0.0022,-0.0022
827.1556,0.2175,0.79,-0.105,-0.0022,-0.0022,-0.0022
827.1667,0.2175,0.79,-0.105,-0.0022,-0.0022,-0.0022
827.1778,0.2175,0.79,-0.105,-0.0022,-0.0022,-0.0022
827.1889,0.2175,0.79,-0.105,-0.0022,-0.0022,-0.0022
827.2,0.2175,0.79,-0.105,-0.0022,-0.0022,-0.0022
827.2111,0.2175,0.79,-0.105,-0.0022,-0.0022,-0.0022
827.2222,0.2175,0.79,-0.105,-0.0022,-0.0022,-0.0022
827.2333,0.2175,0.79,-0.105,-0.0022,-0.0022,-0.0022
827.2444,0.2175,0.79,-0.105,-0.0022,-0.0022,-0.0022
827.2556,0.2175,0.79,-0.105,-0.0022,-0.0022,-0.0022
827.2667,0.2175,0.79,-0.105,-0.0022,-0.0022,-0.0022
827.2778,0.2175,0.79,-0.105,-0.0022,-0.0022,-0.0022
827.2889,0.2175,0.79,-0.105,-0.0022,-0.0022,-0.0022
827.3,0.2175,0.79,-0.105,-0.0022,-0.0022,-0.0022
827.3112,0.2175,0.79,-0.105,-0.0022,-0.0022,-0.0022
827.3223,0.2175,0.79,-0.105,-0.0022,-0.0022,-0.0022
827.3334,0.2175,0.79,-0.105,-0.0022,-0.0022,-0.0022
827.3445,0.2175,0.79,-0.105,-0.0022,-0.0022,-0.0022
827.3556,0.2175,0.79,-0.105,-0.0022,-0.0022,-0.0022
827.3667,0.2175,0.79,-0.105,-0.0022,-0.0022,-0.0022
827.3778,0.2175,0.79,-0.105,-0.0022,-0.0022,-0.0022
827.3889,0.2175,0.79,-0.105,-0.0022,-0.0022,-0.0022
827.4,0.2175,0.79,-0.105,-0.0022,-0.0022,-0.0022
827.4111,0.2175,0.79,-0.105,-0.0022,-0.0022,-0.0022
827.4222,0.2175,0.79,-0.105,-0.0022,-0.0022,-0.0022
827.4333,0.2175,0.79,-0.105,-0.0022,-0.0022,-0.0022
827.4445,0.2175,0.79,-0.105,-0.0022,-0.0022,-0.0022
827.4556,0.2175,0.79,-0.105,-0.0022,-0.0022,-0.0022
827.4667,0.2175,0.79,-0.105,-0.0022,-0.0022,-0.0022
827.4778,0.2175,0.79,-0.105,-0.0022,-0.0022,-0.0022
827.4889,0.2175,0.79,-0.105,-0.0022,-0.0022,-0.0022
827.5,0.2175,0.79,-0.105,-0.0022,-0.0022,-0.0022
827.5111,0.2175,0.79,-0.105,-0.0022,-0.0022,-0.0022
827.5222,0.2175,0.79,-0.105,-0.0022,-0.0022,-0.0022
827.5333,0.2175,0.79,-0.105,-0.0022,-0.0022,-0.0022
827.5445,0.2175,0.79,-0.105,-0.0022,-0.0022,-0.0022
827.5556,0.2175,0.79,-0.105,-0.0022,-0.0022,-0.0022
827.5667,0.2175,0.79,-0.105,-0.0022,-0.0022,-0.0022
827.5778,0.2175,0.79,-0.105,-0.0022,-0.0022,-0.0022
827.5889,0.2175,0.79,-0.105,-0.0022,-0.0022,-0.0022
827.6,0.2175,0.79,-0.105,-0.0022,-0.0022,-0.0022
827.6111,0.2175,0.79,-0.105,-0.0022,-0.0022,-0.0022
827.6223,0.2175,0.79,-0.105,-0.0022,-0.0022,-0.0022
827.6334,0.2175,0.79,-0.105,-0.0022,-0.0022,-0.0022
827.6445,0.2175,0.79,-0.105,-0.0022,-0.0022,-0.0022
827.6556,0.2175,0.79,-0.105,-0.0022,-0.0022,-0.0022
827.6667,0.2175,0.79,-0.105,-0.0022,-0.0022,-0.0022
827.6778,0.2175,0.79,-0.105,-0.0022,-0.0022,-0.0022
827.6889,0.2175,0.79,-0.105,-0.0022,-0.0022,-0.0022
827.7,0.2175,0.79,-0.105,-0.0022,-0.0022,-0.0022
827.7111,0.2175,0.79,-0.105,-0.0022,-0.0022,-0.0022
827.7222,0.2175,0.79,-0.105,-0.0022,-0.0022,-0.0022
827.7333,0.2175,0.79,-0.105,-0.0022,-0.0022,-0.0022
827.7444,0.2175,0.79,-0.105,-0.0022,-0.0022,-0.0022
827.7556,0.2175,0.79,-0.105,-0.0022,-0.0022,-0.0022
827.7667,0.2175,0.79,-0.105,-0.0022,-0.0022,-0.0022
827.7778,0.2175,0.79,-0.105,-0.0022,-0.0022,-0.0022
827.7889,0.2175,0.79,-0.105,-0.0022,-0.0022,-0.0022
827.8,0.2175,0.79,-0.105,-0.0022,-0.0022,-0.0022
827.8112,0.2175,0.79,-0.105,-0.0022,-0.0022,-0.0022
827.8223,0.2175,0.79,-0.105,-0.0022,-0.0022,-0.0022
827.8334,0.2175,0.79,-0.105,-0.0022,-0.0022,-0.0022
827.8445,0.2175,0.79,-0.105,-0.0022,-0.0022,-0.0022
827.8556,0.2175,0.79,-0.105,-0.0022,-0.0022,-0.0022
827.8667,0.2175,0.79,-0.105,-0.0022,-0.0022,-0.0022
827.8778,0.2175,0.79,-0.105,-0.0022,-0.0022,-0.0022
827.8889,0.2175,0.79,-0.105,-0.0022,-0.0022,-0.0022
827.9,0.2175,0.79,-0.105,-0.0022,-0.0022,-0.0022
827.9111,0.2175,0.79,-0.105,-0.0022,-0.0022,-0.0022
827.9222,0.2175,0.79,-0.105,-0.0022,-0.0022,-0.0022
827.9333,0.2175,0.79,-0.105,-0.0022,-0.0022,-0.0022
827.9445,0.2175,0.79,-0.105,-0.0022,-0.0022,-0.0022
827.9556,0.2175,0.79,-0.105,-0.0022,-0.0022,-0.0022
827.9667,0.2175,0.79,-0.105,-0.0022,-0.0022,-0.0022
827.9778,0.2175,0.79,-0.105,-0.0022,-0.0022,-0.0022
827.9889,0.2175,0.79,-0.105,-0.0022,-0.0022,-0.0022
828.0,0.2175,0.79,-0.105,-0.0022,-0.0022,-0.0022
828.0111,0.2175,0.79,-0.105,-0.0022,-0.0022,-0.0022
828.0222,0.2175,0.79,-0.105,-0.0022,-0.0022,-0.0022
828.0333,0.2175,0.79,-0.105,-0.0022,-0.0022,-0.0022
828.0445,0.2175,0.79,-0.105,-0.0022,-0.0022,-0.0022
828.0556,0.2175,0.79,-0.105,-0.0022,-0.0022,-0.0022
828.0667,0.2175,0.79,-0.105,-0.0022,-0.0022,-0.0022
828.0778,0.2175,0.79,-0.105,-0.0022,-0.0022,-0.0022
828.0889,0.2175,0.79,-0.105,-0.0022,-0.0022,-0.0022
828.1,0.2175,0.79,-0.105,-0.0022,-0.0022,-0.0022
828.1111,0.2175,0.79,-0.105,-0.0022,-0.0022,-0.0022
828.1223,0.2175,0.79,-0.105,-0.0022,-0.0022,-0.0022
828.1334,0.2175,0.79,-0.105,-0.0022,-0.0022,-0.0022
828.1445,0.2175,0.79,-0.105,-0.0022,-0.0022,-0.0022
828.1556,0.2175,0.79,-0.105,-0.0022,-0.0022,-0.0022
828.1667,0.2175,0.79,-0.105,-0.0022,-0.0022,-0.0022
828.1778,0.2175,0.79,-0.105,-0.0022,-0.0022,-0.0022
828.1889,0.2175,0.79,-0.105,-0.0022,-0.0022,-0.0022
828.2,0.2175,0.79,-0.105,-0.0022,-0.0022,-0.0022
828.2111,0.2175,0.79,-0.105,-0.0022,-0.0022,-0.0022
828.2222,0.2175,0.79,-0.105,-0.0022,-0.0022,-0.0022
828.2333,0.2175,0.79,-0.105,-0.0022,-0.0022,-0.0022
828.2444,0.2175,0.79,-0.105,-0.0022,-0.0022,-0.0022
828.2556,0.2175,0.79,-0.105,-0.0022,-0.0022,-0.0022
828.2667,0.2175,0.79,-0.105,-0.0022,-0.0022,-0.0022
828.2778,0.2175,0.79,-0.105,-0.0022,-0.0022,-0.0022
828.2889,0.2175,0.79,-0.105,-0.0022,-0.0022,-0.0022
828.3,0.2175,0.79,-0.105,-0.0022,-0.0022,-0.0022
828.3112,0.2175,0.79,-0.105,-0.0022,-0.0022,-0.0022
828.3223,0.2175,0.79,-0.105,-0.0022,-0.0022,-0.0022
828.3334,0.2175,0.79,-0.105,-0.0022,-0.0022,-0.0022
828.3445,0.2175,0.79,-0.105,-0.0022,-0.0022,-0.0022
828.3556,0.2175,0.79,-0.105,-0.0022,-0.0022,-0.0022
828.3667,0.2175,0.79,-0.105,-0.0022,-0.0022,-0.0022
828.3778,0.2175,0.79,-0.105,-0.0022,-0.0022,-0.0022
828.3889,0.2175,0.79,-0.105,-0.0022,-0.0022,-0.0022
828.4,0.2175,0.79,-0.105,-0.0022,-0.0022,-0.0022
828.4111,0.2175,0.79,-0.105,-0.0022,-0.0022,-0.0022
828.4222,0.2175,0.79,-0.105,-0.0022,-0.0022,-0.0022
828.4333,0.2175,0.79,-0.105,-0.0022,-0.0022,-0.0022
828.4445,0.2175,0.79,-0.105,-0.0022,-0.0022,-0.0022
828.4556,0.2175,0.79,-0.105,-0.0022,-0.0022,-0.0022
828.4667,0.2175,0.79,-0.105,-0.0022,-0.0022,-0.0022
828.4778,0.2175,0.79,-0.105,-0.0022,-0.0022,-0.0022
828.4889,0.2175,0.79,-0.105,-0.0022,-0.0022,-0.0022
828.5,0.2175,0.79,-0.105,-0.0022,-0.0022,-0.0022
828.5111,0.2175,0.79,-0.105,-0.0022,-0.0022,-0.0022
828.5222,0.2175,0.79,-0.105,-0.0022,-0.0022,-0.0022
828.5333,0.2175,0.79,-0.105,-0.0022,-0.0022,-0.0022
828.5445,0.2175,0.79,-0.105,-0.0022,-0.0022,-0.0022
828.5556,0.2175,0.79,-0.105,-0.0022,-0.0022,-0.0022
828.5667,0.2175,0.79,-0.105,-0.0022,-0.0022,-0.0022
828.5778,0.2175,0.79,-0.105,-0.0022,-0.0022,-0.0022
828.5889,0.2175,0.79,-0.105,-0.0022,-0.0022,-0.0022
828.6,0.2175,0.79,-0.105,-0.0022,-0.0022,-0.0022
828.6111,0.2175,0.79,-0.105,-0.0022,-0.0022,-0.0022
828.6223,0.2175,0.79,-0.105,-0.0022,-0.0022,-0.0022
828.6334,0.2175,0.79,-0.105,-0.0022,-0.0022,-0.0022
828.6445,0.2175,0.79,-0.105,-0.0022,-0.0022,-0.0022
828.6556,0.2175,0.79,-0.105,-0.0022,-0.0022,-0.0022
828.6667,0.2175,0.79,-0.105,-0.0022,-0.0022,-0.0022
828.6778,0.2175,0.79,-0.105,-0.0022,-0.0022,-0.0022
828.6889,0.2175,0.79,-0.105,-0.0022,-0.0022,-0.0022
828.7,0.2175,0.79,-0.105,-0.0022,-0.0022,-0.0022
828.7111,0.2175,0.79,-0.105,-0.0022,-0.0022,-0.0022
828.7222,0.2175,0.79,-0.105,-0.0022,-0.0022,-0.0022
828.7333,0.2175,0.79,-0.105,-0.0022,-0.0022,-0.0022
828.7444,0.2175,0.79,-0.105,-0.0022,-0.0022,-0.0022
828.7556,0.2175,0.79,-0.105,-0.0022,-0.0022,-0.0022
828.7667,0.2175,0.79,-0.105,-0.0022,-0.0022,-0.0022
828.7778,0.2175,0.79,-0.105,-0.0022,-0.0022,-0.0022
828.7889,0.2175,0.79,-0.105,-0.0022,-0.0022,-0.0022
828.8,0.2175,0.79,-0.105,-0.0022,-0.0022,-0.0022
828.8112,0.2175,0.79,-0.105,-0.0022,-0.0022,-0.0022
828.8223,0.2175,0.79,-0.105,-0.0022,-0.0022,-0.0022
828.8334,0.2175,0.79,-0.105,-0.0022,-0.0022,-0.0022
828.8445,0.2175,0.79,-0.105,-0.0022,-0.0022,-0.0022
828.8556,0.2175,0.79,-0.105,-0.0022,-0.0022,-0.0022
828.8667,0.2175,0.79,-0.105,-0.0022,-0.0022,-0.0022
828.8778,0.2175,0.79,-0.105,-0.0022,-0.0022,-0.0022
828.8889,0.2175,0.79,-0.105,-0.0022,-0.0022,-0.0022
828.9,0.2175,0.79,-0.105,-0.0022,-0.0022,-0.0022
828.9111,0.2175,0.79,-0.105,-0.0022,-0.0022,-0.0022
828.9222,0.2175,0.79,-0.105,-0.0022,-0.0022,-0.0022
828.9333,0.2175,0.79,-0.105,-0.0022,-0.0022,-0.0022
828.9445,0.2175,0.79,-0.105,-0.0022,-0.0022,-0.0022
828.9556,0.2175,0.79,-0.105,-0.0022,-0.0022,-0.0022
828.9667,0.2175,0.79,-0.105,-0.0022,-0.0022,-0.0022
828.9778,0.2175,0.79,-0.105,-0.0022,-0.0022,-0.0022
828.9889,0.2175,0.79,-0.105,-0.0022,-0.0022,-0.0022
829.0,0.2175,0.79,-0.105,-0.0022,-0.0022,-0.0022
829.0111,0.2175,0.79,-0.105,-0.0022,-0.0022,-0.0022
829.0222,0.2175,0.79,-0.105,-0.0022,-0.0022,-0.0022
829.0333,0.2175,0.79,-0.105,-0.0022,-0.0022,-0.0022
829.0445,0.2175,0.79,-0.105,-0.0022,-0.0022,-0.0022
829.0556,0.2175,0.79,-0.105,-0.0022,-0.0022,-0.0022
829.0667,0.2175,0.79,-0.105,-0.0022,-0.0022,-0.0022
829.0778,0.2175,0.79,-0.105,-0.0022,-0.0022,-0.0022
829.0889,0.2175,0.79,-0.105,-0.0022,-0.0022,-0.0022
829.1,0.2175,0.79,-0.105,-0.0022,-0.0022,-0.0022
829.1111,0.2175,0.79,-0.105,-0.0022,-0.0022,-0.0022
829.1223,0.2175,0.79,-0.105,-0.0022,-0.0022,-0.0022
829.1334,0.2175,0.79,-0.105,-0.0022,-0.0022,-0.0022
829.1445,0.2175,0.79,-0.105,-0.0022,-0.0022,-0.0022
829.1556,0.2175,0.79,-0.105,-0.0022,-0.0022,-0.0022
829.1667,0.2175,0.79,-0.105,-0.0022,-0.0022,-0.0022
829.1778,0.2175,0.79,-0.105,-0.0022,-0.0022,-0.0022
829.1889,0.2175,0.79,-0.105,-0.0022,-0.0022,-0.0022
829.2,0.2175,0.79,-0.105,-0.0022,-0.0022,-0.0022
829.2111,0.2175,0.79,-0.105,-0.0022,-0.0022,-0.0022
829.2222,0.2175,0.79,-0.105,-0.0022,-0.0022,-0.0022
829.2333,0.2175,0.79,-0.105,-0.0022,-0.0022,-0.0022
829.2444,0.2175,0.79,-0.105,-0.0022,-0.0022,-0.0022
829.2556,0.2175,0.79,-0.105,-0.0022,-0.0022,-0.0022
829.2667,0.2175,0.79,-0.105,-0.0022,-0.0022,-0.0022
829.2778,0.2175,0.79,-0.105,-0.0022,-0.0022,-0.0022
829.2889,0.2175,0.79,-0.105,-0.0022,-0.0022,-0.0022
829.3,0.2175,0.79,-0.105,-0.0022,-0.0022,-0.0022
829.3112,0.2175,0.79,-0.105,-0.0022,-0.0022,-0.0022
829.3223,0.2175,0.79,-0.105,-0.0022,-0.0022,-0.0022
829.3334,0.2175,0.79,-0.105,-0.0022,-0.0022,-0.0022
829.3445,0.2175,0.79,-0.105,-0.0022,-0.0022,-0.0022
829.3556,0.2175,0.79,-0.105,-0.0022,-0.0022,-0.0022
829.3667,0.2175,0.79,-0.105,-0.0022,-0.0022,-0.0022
829.3778,0.2175,0.79,-0.105,-0.0022,-0.0022,-0.0022
829.3889,0.2175,0.79,-0.105,-0.0022,-0.0022,-0.0022
829.4,0.2175,0.79,-0.105,-0.0022,-0.0022,-0.0022
829.4111,0.2175,0.79,-0.105,-0.0022,-0.0022,-0.0022
829.4222,0.2175,0.79,-0.105,-0.0022,-0.0022,-0.0022
829.4333,0.2175,0.79,-0.105,-0.0022,-0.0022,-0.0022
829.4445,0.2175,0.79,-0.105,-0.0022,-0.0022,-0.0022
829.4556,0.2175,0.79,-0.105,-0.0022,-0.0022,-0.0022
829.4667,0.2175,0.79,-0.105,-0.0022,-0.0022,-0.0022
829.4778,0.2175,0.79,-0.105,-0.0022,-0.0022,-0.0022
829.4889,0.2175,0.79,-0.105,-0.0022,-0.0022,-0.0022
829.5,0.2175,0.79,-0.105,-0.0022,-0.0022,-0.0022
829.5111,0.2175,0.79,-0.105,-0.0022,-0.0022,-0.0022
829.5222,0.2175,0.79,-0.105,-0.0022,-0.0022,-0.0022
829.5333,0.2175,0.79,-0.105,-0.0022,-0.0022,-0.0022
829.5445,0.2175,0.79,-0.105,-0.0022,-0.0022,-0.0022
829.5556,0.2175,0.79,-0.105,-0.0022,-0.0022,-0.0022
829.5667,0.2175,0.79,-0.105,-0.0022,-0.0022,-0.0022
829.5778,0.2175,0.79,-0.105,-0.0022,-0.0022,-0.0022
829.5889,0.2175,0.79,-0.105,-0.0022,-0.0022,-0.0022
829.6,0.2175,0.79,-0.105,-0.0022,-0.0022,-0.0022
829.6111,0.2175,0.79,-0.105,-0.0022,-0.0022,-0.0022
829.6223,0.2175,0.79,-0.105,-0.0022,-0.0022,-0.0022
829.6334,0.2175,0.79,-0.105,-0.0022,-0.0022,-0.0022
829.6445,0.2175,0.79,-0.105,-0.0022,-0.0022,-0.0022
829.6556,0.2175,0.79,-0.105,-0.0022,-0.0022,-0.0022
829.6667,0.2175,0.79,-0.105,-0.0022,-0.0022,-0.0022
829.6778,0.2175,0.79,-0.105,-0.0022,-0.0022,-0.0022
829.6889,0.2175,0.79,-0.105,-0.0022,-0.0022,-0.0022
829.7,0.2175,0.79,-0.105,-0.0022,-0.0022,-0.0022
829.7111,0.2175,0.79,-0.105,-0.0022,-0.0022,-0.0022
829.7222,0.2175,0.79,-0.105,-0.0022,-0.0022,-0.0022
829.7333,0.2175,0.79,-0.105,-0.0022,-0.0022,-0.0022
829.7444,0.2175,0.79,-0.105,-0.0022,-0.0022,-0.0022
829.7556,0.2175,0.79,-0.105,-0.0022,-0.0022,-0.0022
829.7667,0.2175,0.79,-0.105,-0.0022,-0.0022,-0.0022
829.7778,0.2175,0.79,-0.105,-0.0022,-0.0022,-0.0022
829.7889,0.2175,0.79,-0.105,-0.0022,-0.0022,-0.0022
829.8,0.2175,0.79,-0.105,-0.0022,-0.0022,-0.0022
829.8112,0.2175,0.79,-0.105,-0.0022,-0.0022,-0.0022
829.8223,0.2175,0.79,-0.105,-0.0022,-0.0022,-0.0022
829.8334,0.2175,0.79,-0.105,-0.0022,-0.0022,-0.0022
829.8445,0.2175,0.79,-0.105,-0.0022,-0.0022,-0.0022
829.8556,0.2175,0.79,-0.105,-0.0022,-0.0022,-0.0022
829.8667,0.2175,0.79,-0.105,-0.0022,-0.0022,-0.0022
829.8778,0.2175,0.79,-0.105,-0.0022,-0.0022,-0.0022
829.8889,0.2175,0.79,-0.105,-0.0022,-0.0022,-0.0022
829.9,0.2175,0.79,-0.105,-0.0022,-0.0022,-0.0022
829.9111,0.2175,0.79,-0.105,-0.0022,-0.0022,-0.0022
829.9222,0.2175,0.79,-0.105,-0.0022,-0.0022,-0.0022
829.9333,0.2175,0.79,-0.105,-0.0022,-0.0022,-0.0022
829.9445,0.2175,0.79,-0.105,-0.0022,-0.0022,-0.0022
829.9556,0.2175,0.79,-0.105,-0.0022,-0.0022,-0.0022
829.9667,0.2175,0.79,-0.105,-0.0022,-0.0022,-0.0022
829.9778,0.2175,0.79,-0.105,-0.0022,-0.0022,-0.0022
829.9889,0.2175,0.79,-0.105,-0.0022,-0.0022,-0.0022
830.0,0.2175,0.79,-0.105,-0.0022,-0.0022,-0.0022
830.0111,0.2175,0.79,-0.105,-0.0022,-0.0022,-0.0022
830.0222,0.2175,0.79,-0.105,-0.0022,-0.0022,-0.0022
830.0333,0.2175,0.79,-0.105,-0.0022,-0.0022,-0.0022
830.0445,0.2175,0.79,-0.105,-0.0022,-0.0022,-0.0022
830.0556,0.2175,0.79,-0.105,-0.0022,-0.0022,-0.0022
830.0667,0.2175,0.79,-0.105,-0.0022,-0.0022,-0.0022
830.0778,0.2175,0.79,-0.105,-0.0022,-0.0022,-0.0022
830.0889,0.2175,0.79,-0.105,-0.0022,-0.0022,-0.0022
830.1,0.2175,0.79,-0.105,-0.0022,-0.0022,-0.0022
830.1111,0.2175,0.79,-0.105,-0.0022,-0.0022,-0.0022
830.1223,0.2175,0.79,-0.105,-0.0022,-0.0022,-0.0022
830.1334,0.2175,0.79,-0.105,-0.0022,-0.0022,-0.0022
830.1445,0.2175,0.79,-0.105,-0.0022,-0.0022,-0.0022
830.1556,0.2175,0.79,-0.105,-0.0022,-0.0022,-0.0022
830.1667,0.2175,0.79,-0.105,-0.0022,-0.0022,-0.0022
830.1778,0.2175,0.79,-0.105,-0.0022,-0.0022,-0.0022
830.1889,0.2175,0.79,-0.105,-0.0022,-0.0022,-0.0022
830.2,0.2175,0.79,-0.105,-0.0022,-0.0022,-0.0022
830.2111,0.2175,0.79,-0.105,-0.0022,-0.0022,-0.0022
830.2222,0.2175,0.79,-0.105,-0.0022,-0.0022,-0.0022
830.2333,0.2175,0.79,-0.105,-0.0022,-0.0022,-0.0022
830.2444,0.2175,0.79,-0.105,-0.0022,-0.0022,-0.0022
830.2556,0.2175,0.79,-0.105,-0.0022,-0.0022,-0.0022
830.2667,0.2175,0.79,-0.105,-0.0022,-0.0022,-0.0022
830.2778,0.2175,0.79,-0.105,-0.0022,-0.0022,-0.0022
830.2889,0.2175,0.79,-0.105,-0.0022,-0.0022,-0.0022
830.3,0.2175,0.79,-0.105,-0.0022,-0.0022,-0.0022
830.3112,0.2175,0.79,-0.105,-0.0022,-0.0022,-0.0022
830.3223,0.2175,0.79,-0.105,-0.0022,-0.0022,-0.0022
830.3334,0.2175,0.79,-0.105,-0.0022,-0.0022,-0.0022
830.3445,0.2175,0.79,-0.105,-0.0022,-0.0022,-0.0022
830.3556,0.2175,0.79,-0.105,-0.0022,-0.0022,-0.0022
830.3667,0.2175,0.79,-0.105,-0.0022,-0.0022,-0.0022
830.3778,0.2175,0.79,-0.105,-0.0022,-0.0022,-0.0022
830.3889,0.2175,0.79,-0.105,-0.0022,-0.0022,-0.0022
830.4,0.2175,0.79,-0.105,-0.0022,-0.0022,-0.0022
830.4111,0.2175,0.79,-0.105,-0.0022,-0.0022,-0.0022
830.4222,0.2175,0.79,-0.105,-0.0022,-0.0022,-0.0022
830.4333,0.2175,0.79,-0.105,-0.0022,-0.0022,-0.0022
830.4445,0.2175,0.79,-0.105,-0.0022,-0.0022,-0.0022
830.4556,0.2175,0.79,-0.105,-0.0022,-0.0022,-0.0022
830.4667,0.2175,0.79,-0.105,-0.0022,-0.0022,-0.0022
830.4778,0.2175,0.79,-0.105,-0.0022,-0.0022,-0.0022
830.4889,0.2175,0.79,-0.105,-0.0022,-0.0022,-0.0022
830.5,0.2175,0.79,-0.105,-0.0022,-0.0022,-0.0022
830.5111,0.2175,0.79,-0.105,-0.0022,-0.0022,-0.0022
830.5222,0.2175,0.79,-0.105,-0.0022,-0.0022,-0.0022
830.5333,0.2175,0.79,-0.105,-0.0022,-0.0022,-0.0022
830.5445,0.2175,0.79,-0.105,-0.0022,-0.0022,-0.0022
830.5556,0.2175,0.79,-0.105,-0.0022,-0.0022,-0.0022
830.5667,0.2175,0.79,-0.105,-0.0022,-0.0022,-0.0022
830.5778,0.2175,0.79,-0.105,-0.0022,-0.0022,-0.0022
830.5889,0.2175,0.79,-0.105,-0.0022,-0.0022,-0.0022
830.6,0.2175,0.79,-0.105,-0.0022,-0.0022,-0.0022
830.6111,0.2175,0.79,-0.105,-0.0022,-0.0022,-0.0022
830.6223,0.2175,0.79,-0.105,-0.0022,-0.0022,-0.0022
830.6334,0.2175,0.79,-0.105,-0.0022,-0.0022,-0.0022
830.6445,0.2175,0.79,-0.105,-0.0022,-0.0022,-0.0022
830.6556,0.2175,0.79,-0.105,-0.0022,-0.0022,-0.0022
830.6667,0.2175,0.79,-0.105,-0.0022,-0.0022,-0.0022
830.6778,0.2175,0.79,-0.105,-0.0022,-0.0022,-0.0022
830.6889,0.2175,0.79,-0.105,-0.0022,-0.0022,-0.0022
830.7,0.2175,0.79,-0.105,-0.0022,-0.0022,-0.0022
830.7111,0.2175,0.79,-0.105,-0.0022,-0.0022,-0.0022
830.7222,0.2175,0.79,-0.105,-0.0022,-0.0022,-0.0022
830.7333,0.2175,0.79,-0.105,-0.0022,-0.0022,-0.0022
830.7444,0.2175,0.79,-0.105,-0.0022,-0.0022,-0.0022
830.7556,0.2175,0.79,-0.105,-0.0022,-0.0022,-0.0022
830.7667,0.2175,0.79,-0.105,-0.0022,-0.0022,-0.0022
830.7778,0.2175,0.79,-0.105,-0.0022,-0.0022,-0.0022
830.7889,0.2175,0.79,-0.105,-0.0022,-0.0022,-0.0022
830.8,0.2175,0.79,-0.105,-0.0022,-0.0022,-0.0022
830.8112,0.2175,0.79,-0.105,-0.0022,-0.0022,-0.0022
830.8223,0.2175,0.79,-0.105,-0.0022,-0.0022,-0.0022
830.8334,0.2175,0.79,-0.105,-0.0022,-0.0022,-0.0022
830.8445,0.2175,0.79,-0.105,-0.0022,-0.0022,-0.0022
830.8556,0.2175,0.79,-0.105,-0.0022,-0.0022,-0.0022
830.8667,0.2175,0.79,-0.105,-0.0022,-0.0022,-0.0022
830.8778,0.2175,0.79,-0.105,-0.0022,-0.0022,-0.0022
830.8889,0.2175,0.79,-0.105,-0.0022,-0.0022,-0.0022
830.9,0.2175,0.79,-0.105,-0.0022,-0.0022,-0.0022
830.9111,0.2175,0.79,-0.105,-0.0022,-0.0022,-0.0022
830.9222,0.2175,0.79,-0.105,-0.0022,-0.0022,-0.0022
830.9333,0.2175,0.79,-0.105,-0.0022,-0.0022,-0.0022
830.9445,0.2175,0.79,-0.105,-0.0022,-0.0022,-0.0022
830.9556,0.2175,0.79,-0.105,-0.0022,-0.0022,-0.0022
830.9667,0.2175,0.79,-0.105,-0.0022,-0.0022,-0.0022
830.9778,0.2175,0.79,-0.105,-0.0022,-0.0022,-0.0022
830.9889,0.2175,0.79,-0.105,-0.0022,-0.0022,-0.0022
831.0,0.2175,0.79,-0.105,-0.0022,-0.0022,-0.0022
831.0111,0.2175,0.79,-0.105,-0.0022,-0.0022,-0.0022
831.0222,0.2175,0.79,-0.105,-0.0022,-0.0022,-0.0022
831.0333,0.2175,0.79,-0.105,-0.0022,-0.0022,-0.0022
831.0445,0.2175,0.79,-0.105,-0.0022,-0.0022,-0.0022
831.0556,0.2175,0.79,-0.105,-0.0022,-0.0022,-0.0022
831.0667,0.2175,0.79,-0.105,-0.0022,-0.0022,-0.0022
831.0778,0.2175,0.79,-0.105,-0.0022,-0.0022,-0.0022
831.0889,0.2175,0.79,-0.105,-0.0022,-0.0022,-0.0022
831.1,0.2175,0.79,-0.105,-0.0022,-0.0022,-0.0022
831.1111,0.2175,0.79,-0.105,-0.0022,-0.0022,-0.0022
831.1223,0.2175,0.79,-0.105,-0.0022,-0.0022,-0.0022
831.1334,0.2175,0.79,-0.105,-0.0022,-0.0022,-0.0022
831.1445,0.2175,0.79,-0.105,-0.0022,-0.0022,-0.0022
831.1556,0.2175,0.79,-0.105,-0.0022,-0.0022,-0.0022
831.1667,0.2175,0.79,-0.105,-0.0022,-0.0022,-0.0022
831.1778,0.2175,0.79,-0.105,-0.0022,-0.0022,-0.0022
831.1889,0.2175,0.79,-0.105,-0.0022,-0.0022,-0.0022
831.2,0.2175,0.79,-0.105,-0.0022,-0.0022,-0.0022
831.2111,0.2175,0.79,-0.105,-0.0022,-0.0022,-0.0022
831.2222,0.2175,0.79,-0.105,-0.0022,-0.0022,-0.0022
831.2333,0.2175,0.79,-0.105,-0.0022,-0.0022,-0.0022
831.2444,0.2175,0.79,-0.105,-0.0022,-0.0022,-0.0022
831.2556,0.2175,0.79,-0.105,-0.0022,-0.0022,-0.0022
831.2667,0.2175,0.79,-0.105,-0.0022,-0.0022,-0.0022
831.2778,0.2175,0.79,-0.105,-0.0022,-0.0022,-0.0022
831.2889,0.2175,0.79,-0.105,-0.0022,-0.0022,-0.0022
831.3,0.2175,0.79,-0.105,-0.0022,-0.0022,-0.0022
831.3112,0.2175,0.79,-0.105,-0.0022,-0.0022,-0.0022
831.3223,0.2175,0.79,-0.105,-0.0022,-0.0022,-0.0022
831.3334,0.2175,0.79,-0.105,-0.0022,-0.0022,-0.0022
831.3445,0.2175,0.79,-0.105,-0.0022,-0.0022,-0.0022
831.3556,0.2175,0.79,-0.105,-0.0022,-0.0022,-0.0022
831.3667,0.2175,0.79,-0.105,-0.0022,-0.0022,-0.0022
831.3778,0.2175,0.79,-0.105,-0.0022,-0.0022,-0.0022
831.3889,0.2175,0.79,-0.105,-0.0022,-0.0022,-0.0022
831.4,0.2175,0.79,-0.105,-0.0022,-0.0022,-0.0022
831.4111,0.2175,0.79,-0.105,-0.0022,-0.0022,-0.0022
831.4222,0.2175,0.79,-0.105,-0.0022,-0.0022,-0.0022
831.4333,0.2175,0.79,-0.105,-0.0022,-0.0022,-0.0022
831.4445,0.2175,0.79,-0.105,-0.0022,-0.0022,-0.0022
831.4556,0.2175,0.79,-0.105,-0.0022,-0.0022,-0.0022
831.4667,0.2175,0.79,-0.105,-0.0022,-0.0022,-0.0022
831.4778,0.2175,0.79,-0.105,-0.0022,-0.0022,-0.0022
831.4889,0.2175,0.79,-0.105,-0.0022,-0.0022,-0.0022
