time,FailOnTouchObstacleMed_pos_x,FailOnTouchObstacleMed_pos_y,FailOnTouchObstacleMed_pos_z,FailOnTouchObstacleMed_rot_x,FailOnTouchObstacleMed_rot_y,FailOnTouchObstacleMed_rot_z
1405.4779999999998,-0.2575,0.79,0.125,0,0,0
1405.489,-0.2575,0.79,0.125,0,0,0
1405.5,-0.2575,0.79,0.125,0,0,0
1405.511,-0.2575,0.79,0.125,0,0,0
1405.5220000000002,-0.2575,0.79,0.125,0,0,0
1405.533,-0.2575,0.79,0.125,0,0,0
1405.5439999999999,-0.2575,0.79,0.125,0,0,0
1405.556,-0.2575,0.79,0.125,0,0,0
1405.567,-0.2575,0.79,0.125,0,0,0
1405.578,-0.2575,0.79,0.125,0,0,0
1405.589,-0.2575,0.79,0.125,0,0,0
1405.6,-0.2575,0.79,0.125,0,0,0
1405.611,-0.2575,0.79,0.125,0,0,0
1405.622,-0.2575,0.79,0.125,0,0,0
1405.6329999999998,-0.2575,0.79,0.125,0,0,0
1405.645,-0.2575,0.79,0.125,0,0,0
1405.656,-0.2575,0.79,0.125,0,0,0
1405.6670000000001,-0.2575,0.79,0.125,0,0,0
1405.6779999999999,-0.2575,0.79,0.125,0,0,0
1405.6889999999999,-0.2575,0.79,0.125,0,0,0
1405.7,-0.2575,0.79,0.125,0,0,0
1405.711,-0.2575,0.79,0.125,0,0,0
1405.7220000000002,-0.2575,0.79,0.125,0,0,0
1405.733,-0.2575,0.79,0.125,0,0,0
1405.745,-0.2575,0.79,0.125,0,0,0
1405.756,-0.2575,0.79,0.125,0,0,0
1405.767,-0.2575,0.79,0.125,0,0,0
1405.7779999999998,-0.2575,0.79,0.125,0,0,0
1405.789,-0.2575,0.79,0.125,0,0,0
1405.8,-0.2575,0.79,0.125,0,0,0
1405.8110000000001,-0.2575,0.79,0.125,0,0,0
1405.8220000000001,-0.2575,0.79,0.125,0,0,0
1405.8329999999999,-0.2575,0.79,0.125,0,0,0
1405.844,-0.2575,0.79,0.125,0,0,0
1405.856,-0.2575,0.79,0.125,0,0,0
1405.8670000000002,-0.2575,0.79,0.125,0,0,0
1405.878,-0.2575,0.79,0.125,0,0,0
1405.889,-0.2575,0.79,0.125,0,0,0
1405.9,-0.2575,0.79,0.125,0,0,0
1405.911,-0.2575,0.79,0.125,0,0,0
1405.922,-0.2575,0.79,0.125,0,0,0
1405.933,-0.2575,0.79,0.125,0,0,0
1405.944,-0.2575,0.79,0.125,0,0,0
1405.9560000000001,-0.2575,0.79,0.125,0,0,0
1405.967,-0.2575,0.79,0.125,0,0,0
1405.9779999999998,-0.2575,0.79,0.125,0,0,0
1405.989,-0.2575,0.79,0.125,0,0,0
1406.0,-0.2575,0.79,0.125,0,0,0
1406.011,-0.2575,0.79,0.125,0,0,0
1406.0220000000002,-0.2575,0.79,0.125,0,0,0
1406.033,-0.2575,0.79,0.125,0,0,0
1406.0439999999999,-0.2575,0.79,0.125,0,0,0
1406.056,-0.2575,0.79,0.125,0,0,0
1406.067,-0.2575,0.79,0.125,0,0,0
1406.078,-0.2575,0.79,0.125,0,0,0
1406.089,-0.2575,0.79,0.125,0,0,0
1406.1,-0.2575,0.79,0.125,0,0,0
1406.111,-0.2575,0.79,0.125,0,0,0
1406.122,-0.2575,0.79,0.125,0,0,0
1406.1329999999998,-0.2575,0.79,0.125,0,0,0
1406.145,-0.2575,0.79,0.125,0,0,0
1406.156,-0.2575,0.79,0.125,0,0,0
1406.1670000000001,-0.2575,0.79,0.125,0,0,0
1406.1779999999999,-0.2575,0.79,0.125,0,0,0
1406.1889999999999,-0.2575,0.79,0.125,0,0,0
1406.2,-0.2575,0.79,0.125,0,0,0
1406.211,-0.2575,0.79,0.125,0,0,0
1406.2220000000002,-0.2575,0.79,0.125,0,0,0
1406.233,-0.2575,0.79,0.125,0,0,0
1406.245,-0.2575,0.79,0.125,0,0,0
1406.256,-0.2575,0.79,0.125,0,0,0
1406.267,-0.2575,0.79,0.125,0,0,0
1406.2779999999998,-0.2575,0.79,0.125,0,0,0
1406.289,-0.2575,0.79,0.125,0,0,0
1406.3,-0.2575,0.79,0.125,0,0,0
1406.3110000000001,-0.2575,0.79,0.125,0,0,0
1406.3220000000001,-0.2575,0.79,0.125,0,0,0
1406.3329999999999,-0.2575,0.79,0.125,0,0,0
1406.344,-0.2575,0.79,0.125,0,0,0
1406.356,-0.2575,0.79,0.125,0,0,0
1406.3670000000002,-0.2575,0.79,0.125,0,0,0
1406.378,-0.2575,0.79,0.125,0,0,0
1406.389,-0.2575,0.79,0.125,0,0,0
1406.4,-0.2575,0.79,0.125,0,0,0
1406.411,-0.2575,0.79,0.125,0,0,0
1406.422,-0.2575,0.79,0.125,0,0,0
1406.433,-0.2575,0.79,0.125,0,0,0
1406.444,-0.2575,0.79,0.125,0,0,0
1406.4560000000001,-0.2575,0.79,0.125,0,0,0
1406.467,-0.2575,0.79,0.125,0,0,0
1406.4779999999998,-0.2575,0.79,0.125,0,0,0
1406.489,-0.2575,0.79,0.125,0,0,0
1406.5,-0.2575,0.79,0.125,0,0,0
1406.511,-0.2575,0.79,0.125,0,0,0
1406.5220000000002,-0.2575,0.79,0.125,0,0,0
1406.533,-0.2575,0.79,0.125,0,0,0
1406.5439999999999,-0.2575,0.79,0.125,0,0,0
1406.556,-0.2575,0.79,0.125,0,0,0
1406.567,-0.2575,0.79,0.125,0,0,0
1406.578,-0.2575,0.79,0.125,0,0,0
1406.589,-0.2575,0.79,0.125,0,0,0
1406.6,-0.2575,0.79,0.125,0,0,0
1406.611,-0.2575,0.79,0.125,0,0,0
1406.622,-0.2575,0.79,0.125,0,0,0
1406.6329999999998,-0.2575,0.79,0.125,0,0,0
1406.645,-0.2575,0.79,0.125,0,0,0
1406.656,-0.2575,0.79,0.125,0,0,0
1406.6670000000001,-0.2575,0.79,0.125,0,0,0
1406.6779999999999,-0.2575,0.79,0.125,0,0,0
1406.6889999999999,-0.2575,0.79,0.125,0,0,0
1406.7,-0.2575,0.79,0.125,0,0,0
1406.711,-0.2575,0.79,0.125,0,0,0
1406.7220000000002,-0.2575,0.79,0.125,0,0,0
1406.733,-0.2575,0.79,0.125,0,0,0
1406.745,-0.2575,0.79,0.125,0,0,0
1406.756,-0.2575,0.79,0.125,0,0,0
1406.767,-0.2575,0.79,0.125,0,0,0
1406.7779999999998,-0.2575,0.79,0.125,0,0,0
1406.789,-0.2575,0.79,0.125,0,0,0
1406.8,-0.2575,0.79,0.125,0,0,0
1406.8110000000001,-0.2575,0.79,0.125,0,0,0
1406.8220000000001,-0.2575,0.79,0.125,0,0,0
1406.8329999999999,-0.2575,0.79,0.125,0,0,0
1406.844,-0.2575,0.79,0.125,0,0,0
1406.856,-0.2575,0.79,0.125,0,0,0
1406.8670000000002,-0.2575,0.79,0.125,0,0,0
1406.878,-0.2575,0.79,0.125,0,0,0
1406.889,-0.2575,0.79,0.125,0,0,0
1406.9,-0.2575,0.79,0.125,0,0,0
1406.911,-0.2575,0.79,0.125,0,0,0
1406.922,-0.2575,0.79,0.125,0,0,0
1406.933,-0.2575,0.79,0.125,0,0,0
1406.944,-0.2575,0.79,0.125,0,0,0
1406.9560000000001,-0.2575,0.79,0.125,0,0,0
1406.967,-0.2575,0.79,0.125,0,0,0
1406.9779999999998,-0.2575,0.79,0.125,0,0,0
1406.989,-0.2575,0.79,0.125,0,0,0
1407.0,-0.2575,0.79,0.125,0,0,0
1407.011,-0.2575,0.79,0.125,0,0,0
1407.0220000000002,-0.2575,0.79,0.125,0,0,0
1407.033,-0.2575,0.79,0.125,0,0,0
1407.0439999999999,-0.2575,0.79,0.125,0,0,0
1407.056,-0.2575,0.79,0.125,0,0,0
1407.067,-0.2575,0.79,0.125,0,0,0
1407.078,-0.2575,0.79,0.125,0,0,0
1407.089,-0.2575,0.79,0.125,0,0,0
1407.1,-0.2575,0.79,0.125,0,0,0
1407.111,-0.2575,0.79,0.125,0,0,0
1407.122,-0.2575,0.79,0.125,0,0,0
1407.1329999999998,-0.2575,0.79,0.125,0,0,0
1407.145,-0.2575,0.79,0.125,0,0,0
1407.156,-0.2575,0.79,0.125,0,0,0
1407.1670000000001,-0.2575,0.79,0.125,0,0,0
1407.1779999999999,-0.2575,0.79,0.125,0,0,0
1407.1889999999999,-0.2575,0.79,0.125,0,0,0
1407.2,-0.2575,0.79,0.125,0,0,0
1407.211,-0.2575,0.79,0.125,0,0,0
1407.2220000000002,-0.2575,0.79,0.125,0,0,0
1407.233,-0.2575,0.79,0.125,0,0,0
1407.245,-0.2575,0.79,0.125,0,0,0
1407.256,-0.2575,0.79,0.125,0,0,0
1407.267,-0.2575,0.79,0.125,0,0,0
1407.2779999999998,-0.2575,0.79,0.125,0,0,0
1407.289,-0.2575,0.79,0.125,0,0,0
1407.3,-0.2575,0.79,0.125,0,0,0
1407.3110000000001,-0.2575,0.79,0.125,0,0,0
1407.3220000000001,-0.2575,0.79,0.125,0,0,0
1407.3329999999999,-0.2575,0.79,0.125,0,0,0
1407.344,-0.2575,0.79,0.125,0,0,0
1407.356,-0.2575,0.79,0.125,0,0,0
1407.3670000000002,-0.2575,0.79,0.125,0,0,0
1407.378,-0.2575,0.79,0.125,0,0,0
1407.389,-0.2575,0.79,0.125,0,0,0
1407.4,-0.2575,0.79,0.125,0,0,0
1407.411,-0.2575,0.79,0.125,0,0,0
1407.422,-0.2575,0.79,0.125,0,0,0
1407.433,-0.2575,0.79,0.125,0,0,0
1407.444,-0.2575,0.79,0.125,0,0,0
1407.4560000000001,-0.2575,0.79,0.125,0,0,0
1407.467,-0.2575,0.79,0.125,0,0,0
1407.4779999999998,-0.2575,0.79,0.125,0,0,0
1407.489,-0.2575,0.79,0.125,0,0,0
1407.5,-0.2575,0.79,0.125,0,0,0
1407.511,-0.2575,0.79,0.125,0,0,0
1407.5220000000002,-0.2575,0.79,0.125,0,0,0
1407.533,-0.2575,0.79,0.125,0,0,0
1407.5439999999999,-0.2575,0.79,0.125,0,0,0
1407.556,-0.2575,0.79,0.125,0,0,0
1407.567,-0.2575,0.79,0.125,0,0,0
1407.578,-0.2575,0.79,0.125,0,0,0
1407.589,-0.2575,0.79,0.125,0,0,0
1407.6,-0.2575,0.79,0.125,0,0,0
1407.611,-0.2575,0.79,0.125,0,0,0
1407.622,-0.2575,0.79,0.125,0,0,0
1407.6329999999998,-0.2575,0.79,0.125,0,0,0
1407.645,-0.2575,0.79,0.125,0,0,0
1407.656,-0.2575,0.79,0.125,0,0,0
1407.6670000000001,-0.2575,0.79,0.125,0,0,0
1407.6779999999999,-0.2575,0.79,0.125,0,0,0
1407.6889999999999,-0.2575,0.79,0.125,0,0,0
1407.7,-0.2575,0.79,0.125,0,0,0
1407.711,-0.2575,0.79,0.125,0,0,0
1407.7220000000002,-0.2575,0.79,0.125,0,0,0
1407.733,-0.2575,0.79,0.125,0,0,0
1407.745,-0.2575,0.79,0.125,0,0,0
1407.756,-0.2575,0.79,0.125,0,0,0
1407.767,-0.2575,0.79,0.125,0,0,0
1407.7779999999998,-0.2575,0.79,0.125,0,0,0
1407.789,-0.2575,0.79,0.125,0,0,0
1407.8,-0.2575,0.79,0.125,0,0,0
1407.8110000000001,-0.2575,0.79,0.125,0,0,0
1407.8220000000001,-0.2575,0.79,0.125,0,0,0
1407.8329999999999,-0.2575,0.79,0.125,0,0,0
1407.844,-0.2575,0.79,0.125,0,0,0
1407.856,-0.2575,0.79,0.125,0,0,0
1407.8670000000002,-0.2575,0.79,0.125,0,0,0
1407.878,-0.2575,0.79,0.125,0,0,0
1407.889,-0.2575,0.79,0.125,0,0,0
1407.9,-0.2575,0.79,0.125,0,0,0
1407.911,-0.2575,0.79,0.125,0,0,0
1407.922,-0.2575,0.79,0.125,0,0,0
1407.933,-0.2575,0.79,0.125,0,0,0
1407.944,-0.2575,0.79,0.125,0,0,0
1407.9560000000001,-0.2575,0.79,0.125,0,0,0
1407.967,-0.2575,0.79,0.125,0,0,0
1407.9779999999998,-0.2575,0.79,0.125,0,0,0
1407.989,-0.2575,0.79,0.125,0,0,0
1408.0,-0.2575,0.79,0.125,0,0,0
1408.011,-0.2575,0.79,0.125,0,0,0
1408.0220000000002,-0.2575,0.79,0.125,0,0,0
1408.033,-0.2575,0.79,0.125,0,0,0
1408.0439999999999,-0.2575,0.79,0.125,0,0,0
1408.056,-0.2575,0.79,0.125,0,0,0
1408.067,-0.2575,0.79,0.125,0,0,0
1408.078,-0.2575,0.79,0.125,0,0,0
1408.089,-0.2575,0.79,0.125,0,0,0
1408.1,-0.2575,0.79,0.125,0,0,0
1408.111,-0.2575,0.79,0.125,0,0,0
1408.122,-0.2575,0.79,0.125,0,0,0
1408.1329999999998,-0.2575,0.79,0.125,0,0,0
1408.145,-0.2575,0.79,0.125,0,0,0
1408.156,-0.2575,0.79,0.125,0,0,0
1408.1670000000001,-0.2575,0.79,0.125,0,0,0
1408.1779999999999,-0.2575,0.79,0.125,0,0,0
1408.1889999999999,-0.2575,0.79,0.125,0,0,0
1408.2,-0.2575,0.79,0.125,0,0,0
1408.211,-0.2575,0.79,0.125,0,0,0
1408.2220000000002,-0.2575,0.79,0.125,0,0,0
1408.233,-0.2575,0.79,0.125,0,0,0
1408.245,-0.2575,0.79,0.125,0,0,0
1408.256,-0.2575,0.79,0.125,0,0,0
1408.267,-0.2575,0.79,0.125,0,0,0
1408.2779999999998,-0.2575,0.79,0.125,0,0,0
1408.289,-0.2575,0.79,0.125,0,0,0
1408.3,-0.2575,0.79,0.125,0,0,0
1408.3110000000001,-0.2575,0.79,0.125,0,0,0
1408.3220000000001,-0.2575,0.79,0.125,0,0,0
1408.3329999999999,-0.2575,0.79,0.125,0,0,0
1408.344,-0.2575,0.79,0.125,0,0,0
1408.356,-0.2575,0.79,0.125,0,0,0
1408.3670000000002,-0.2575,0.79,0.125,0,0,0
1408.378,-0.2575,0.79,0.125,0,0,0
1408.389,-0.2575,0.79,0.125,0,0,0
1408.4,-0.2575,0.79,0.125,0,0,0
1408.411,-0.2575,0.79,0.125,0,0,0
1408.422,-0.2575,0.79,0.125,0,0,0
1408.433,-0.2575,0.79,0.125,0,0,0
1408.444,-0.2575,0.79,0.125,0,0,0
1408.4560000000001,-0.2575,0.79,0.125,0,0,0
1408.467,-0.2575,0.79,0.125,0,0,0
1408.4779999999998,-0.2575,0.79,0.125,0,0,0
1408.489,-0.2575,0.79,0.125,0,0,0
1408.5,-0.2575,0.79,0.125,0,0,0
1408.511,-0.2575,0.79,0.125,0,0,0
1408.5220000000002,-0.2575,0.79,0.125,0,0,0
1408.533,-0.2575,0.79,0.125,0,0,0
1408.5439999999999,-0.2575,0.79,0.125,0,0,0
1408.556,-0.2575,0.79,0.125,0,0,0
1408.567,-0.2575,0.79,0.125,0,0,0
1408.578,-0.2575,0.79,0.125,0,0,0
1408.589,-0.2575,0.79,0.125,0,0,0
1408.6,-0.2575,0.79,0.125,0,0,0
1408.611,-0.2575,0.79,0.125,0,0,0
1408.622,-0.2575,0.79,0.125,0,0,0
1408.6329999999998,-0.2575,0.79,0.125,0,0,0
1408.645,-0.2575,0.79,0.125,0,0,0
1408.656,-0.2575,0.79,0.125,0,0,0
1408.6670000000001,-0.2575,0.79,0.125,0,0,0
1408.6779999999999,-0.2575,0.79,0.125,0,0,0
1408.6889999999999,-0.2575,0.79,0.125,0,0,0
1408.7,-0.2575,0.79,0.125,0,0,0
1408.711,-0.2575,0.79,0.125,0,0,0
1408.7220000000002,-0.2575,0.79,0.125,0,0,0
1408.733,-0.2575,0.79,0.125,0,0,0
1408.745,-0.2575,0.79,0.125,0,0,0
1408.756,-0.2575,0.79,0.125,0,0,0
1408.767,-0.2575,0.79,0.125,0,0,0
1408.7779999999998,-0.2575,0.79,0.125,0,0,0
1408.789,-0.2575,0.79,0.125,0,0,0
1408.8,-0.2575,0.79,0.125,0,0,0
1408.8110000000001,-0.2575,0.79,0.125,0,0,0
1408.8220000000001,-0.2575,0.79,0.125,0,0,0
1408.8329999999999,-0.2575,0.79,0.125,0,0,0
1408.844,-0.2575,0.79,0.125,0,0,0
1408.856,-0.2575,0.79,0.125,0,0,0
1408.8670000000002,-0.2575,0.79,0.125,0,0,0
1408.878,-0.2575,0.79,0.125,0,0,0
1408.889,-0.2575,0.79,0.125,0,0,0
1408.9,-0.2575,0.79,0.125,0,0,0
1408.911,-0.2575,0.79,0.125,0,0,0
1408.922,-0.2575,0.79,0.125,0,0,0
1408.933,-0.2575,0.79,0.125,0,0,0
1408.944,-0.2575,0.79,0.125,0,0,0
1408.9560000000001,-0.2575,0.79,0.125,0,0,0
1408.967,-0.2575,0.79,0.125,0,0,0
1408.9779999999998,-0.2575,0.79,0.125,0,0,0
1408.989,-0.2575,0.79,0.125,0,0,0
1409.0,-0.2575,0.79,0.125,0,0,0
1409.011,-0.2575,0.79,0.125,0,0,0
1409.0220000000002,-0.2575,0.79,0.125,0,0,0
1409.033,-0.2575,0.79,0.125,0,0,0
1409.0439999999999,-0.2575,0.79,0.125,0,0,0
1409.056,-0.2575,0.79,0.125,0,0,0
1409.067,-0.2575,0.79,0.125,0,0,0
1409.078,-0.2575,0.79,0.125,0,0,0
1409.089,-0.2575,0.79,0.125,0,0,0
1409.1,-0.2575,0.79,0.125,0,0,0
1409.111,-0.2575,0.79,0.125,0,0,0
1409.122,-0.2575,0.79,0.125,0,0,0
1409.1329999999998,-0.2575,0.79,0.125,0,0,0
1409.145,-0.2575,0.79,0.125,0,0,0
1409.156,-0.2575,0.79,0.125,0,0,0
1409.1670000000001,-0.2575,0.79,0.125,0,0,0
1409.1779999999999,-0.2575,0.79,0.125,0,0,0
1409.1889999999999,-0.2575,0.79,0.125,0,0,0
1409.2,-0.2575,0.79,0.125,0,0,0
1409.211,-0.2575,0.79,0.125,0,0,0
1409.2220000000002,-0.2575,0.79,0.125,0,0,0
1409.233,-0.2575,0.79,0.125,0,0,0
1409.245,-0.2575,0.79,0.125,0,0,0
1409.256,-0.2575,0.79,0.125,0,0,0
1409.267,-0.2575,0.79,0.125,0,0,0
1409.2779999999998,-0.2575,0.79,0.125,0,0,0
1409.289,-0.2575,0.79,0.125,0,0,0
1409.3,-0.2575,0.79,0.125,0,0,0
1409.3110000000001,-0.2575,0.79,0.125,0,0,0
1409.3220000000001,-0.2575,0.79,0.125,0,0,0
1409.3329999999999,-0.2575,0.79,0.125,0,0,0
1409.344,-0.2575,0.79,0.125,0,0,0
1409.356,-0.2575,0.79,0.125,0,0,0
1409.3670000000002,-0.2575,0.79,0.125,0,0,0
1409.378,-0.2575,0.79,0.125,0,0,0
1409.389,-0.2575,0.79,0.125,0,0,0
1409.4,-0.2575,0.79,0.125,0,0,0
1409.411,-0.2575,0.79,0.125,0,0,0
1409.422,-0.2575,0.79,0.125,0,0,0
1409.433,-0.2575,0.79,0.125,0,0,0
1409.444,-0.2575,0.79,0.125,0,0,0
1409.4560000000001,-0.2575,0.79,0.125,0,0,0
1409.467,-0.2575,0.79,0.125,0,0,0
1409.4779999999998,-0.2575,0.79,0.125,0,0,0
1409.489,-0.2575,0.79,0.125,0,0,0
1409.5,-0.2575,0.79,0.125,0,0,0
1409.511,-0.2575,0.79,0.125,0,0,0
1409.5220000000002,-0.2575,0.79,0.125,0,0,0
1409.533,-0.2575,0.79,0.125,0,0,0
1409.5439999999999,-0.2575,0.79,0.125,0,0,0
1409.556,-0.2575,0.79,0.125,0,0,0
1409.567,-0.2575,0.79,0.125,0,0,0
1409.578,-0.2575,0.79,0.125,0,0,0
1409.589,-0.2575,0.79,0.125,0,0,0
1409.6,-0.2575,0.79,0.125,0,0,0
1409.611,-0.2575,0.79,0.125,0,0,0
1409.622,-0.2575,0.79,0.125,0,0,0
1409.6329999999998,-0.2575,0.79,0.125,0,0,0
1409.645,-0.2575,0.79,0.125,0,0,0
1409.656,-0.2575,0.79,0.125,0,0,0
1409.6670000000001,-0.2575,0.79,0.125,0,0,0
1409.6779999999999,-0.2575,0.79,0.125,0,0,0
1409.6889999999999,-0.2575,0.79,0.125,0,0,0
1409.7,-0.2575,0.79,0.125,0,0,0
1409.711,-0.2575,0.79,0.125,0,0,0
1409.7220000000002,-0.2575,0.79,0.125,0,0,0
1409.733,-0.2575,0.79,0.125,0,0,0
1409.745,-0.2575,0.79,0.125,0,0,0
1409.756,-0.2575,0.79,0.125,0,0,0
1409.767,-0.2575,0.79,0.125,0,0,0
1409.7779999999998,-0.2575,0.79,0.125,0,0,0
1409.789,-0.2575,0.79,0.125,0,0,0
1409.8,-0.2575,0.79,0.125,0,0,0
1409.8110000000001,-0.2575,0.79,0.125,0,0,0
1409.8220000000001,-0.2575,0.79,0.125,0,0,0
1409.8329999999999,-0.2575,0.79,0.125,0,0,0
1409.844,-0.2575,0.79,0.125,0,0,0
1409.856,-0.2575,0.79,0.125,0,0,0
1409.8670000000002,-0.2575,0.79,0.125,0,0,0
1409.878,-0.2575,0.79,0.125,0,0,0
1409.889,-0.2575,0.79,0.125,0,0,0
1409.9,-0.2575,0.79,0.125,0,0,0
1409.911,-0.2575,0.79,0.125,0,0,0
1409.922,-0.2575,0.79,0.125,0,0,0
1409.933,-0.2575,0.79,0.125,0,0,0
1409.944,-0.2575,0.79,0.125,0,0,0
1409.9560000000001,-0.2575,0.79,0.125,0,0,0
1409.967,-0.2575,0.79,0.125,0,0,0
1409.9779999999998,-0.2575,0.79,0.125,0,0,0
1409.989,-0.2575,0.79,0.125,0,0,0
1410.0,-0.2575,0.79,0.125,0,0,0
1410.011,-0.2575,0.79,0.125,0,0,0
1410.0220000000002,-0.2575,0.79,0.125,0,0,0
1410.033,-0.2575,0.79,0.125,0,0,0
1410.0439999999999,-0.2575,0.79,0.125,0,0,0
1410.056,-0.2575,0.79,0.125,0,0,0
1410.067,-0.2575,0.79,0.125,0,0,0
1410.078,-0.2575,0.79,0.125,0,0,0
1410.089,-0.2575,0.79,0.125,0,0,0
1410.1,-0.2575,0.79,0.125,0,0,0
1410.111,-0.2575,0.79,0.125,0,0,0
1410.122,-0.2575,0.79,0.125,0,0,0
1410.1329999999998,-0.2575,0.79,0.125,0,0,0
1410.145,-0.2575,0.79,0.125,0,0,0
1410.156,-0.2575,0.79,0.125,0,0,0
1410.1670000000001,-0.2575,0.79,0.125,0,0,0
1410.1779999999999,-0.2575,0.79,0.125,0,0,0
1410.1889999999999,-0.2575,0.79,0.125,0,0,0
1410.2,-0.2575,0.79,0.125,0,0,0
1410.211,-0.2575,0.79,0.125,0,0,0
1410.2220000000002,-0.2575,0.79,0.125,0,0,0
1410.233,-0.2575,0.79,0.125,0,0,0
1410.245,-0.2575,0.79,0.125,0,0,0
1410.256,-0.2575,0.79,0.125,0,0,0
1410.267,-0.2575,0.79,0.125,0,0,0
1410.2779999999998,-0.2575,0.79,0.125,0,0,0
1410.289,-0.2575,0.79,0.125,0,0,0
1410.3,-0.2575,0.79,0.125,0,0,0
1410.3110000000001,-0.2575,0.79,0.125,0,0,0
1410.3220000000001,-0.2575,0.79,0.125,0,0,0
1410.3329999999999,-0.2575,0.79,0.125,0,0,0
1410.344,-0.2575,0.79,0.125,0,0,0
1410.356,-0.2575,0.79,0.125,0,0,0
1410.3670000000002,-0.2575,0.79,0.125,0,0,0
1410.378,-0.2575,0.79,0.125,0,0,0
1410.389,-0.2575,0.79,0.125,0,0,0
1410.4,-0.2575,0.79,0.125,0,0,0
1410.411,-0.2575,0.79,0.125,0,0,0
1410.422,-0.2575,0.79,0.125,0,0,0
1410.433,-0.2575,0.79,0.125,0,0,0
1410.444,-0.2575,0.79,0.125,0,0,0
1410.4560000000001,-0.2575,0.79,0.125,0,0,0
1410.467,-0.2575,0.79,0.125,0,0,0
1410.4779999999998,-0.2575,0.79,0.125,0,0,0
1410.489,-0.2575,0.79,0.125,0,0,0
1410.5,-0.2575,0.79,0.125,0,0,0
1410.511,-0.2575,0.79,0.125,0,0,0
1410.5220000000002,-0.2575,0.79,0.125,0,0,0
1410.533,-0.2575,0.79,0.125,0,0,0
1410.5439999999999,-0.2575,0.79,0.125,0,0,0
1410.556,-0.2575,0.79,0.125,0,0,0
1410.567,-0.2575,0.79,0.125,0,0,0
1410.578,-0.2575,0.79,0.125,0,0,0
1410.589,-0.2575,0.79,0.125,0,0,0
1410.6,-0.2575,0.79,0.125,0,0,0
1410.611,-0.2575,0.79,0.125,0,0,0
1410.622,-0.2575,0.79,0.125,0,0,0
1410.6329999999998,-0.2575,0.79,0.125,0,0,0
1410.645,-0.2575,0.79,0.125,0,0,0
1410.656,-0.2575,0.79,0.125,0,0,0
1410.6670000000001,-0.2575,0.79,0.125,0,0,0
1410.6779999999999,-0.2575,0.79,0.125,0,0,0
1410.6889999999999,-0.2575,0.79,0.125,0,0,0
1410.7,-0.2575,0.79,0.125,0,0,0
1410.711,-0.2575,0.79,0.125,0,0,0
1410.7220000000002,-0.2575,0.79,0.125,0,0,0
1410.733,-0.2575,0.79,0.125,0,0,0
1410.745,-0.2575,0.79,0.125,0,0,0
1410.756,-0.2575,0.79,0.125,0,0,0
1410.767,-0.2575,0.79,0.125,0,0,0
1410.7779999999998,-0.2575,0.79,0.125,0,0,0
1410.789,-0.2575,0.79,0.125,0,0,0
1410.8,-0.2575,0.79,0.125,0,0,0
1410.8110000000001,-0.2575,0.79,0.125,0,0,0
1410.8220000000001,-0.2575,0.79,0.125,0,0,0
1410.8329999999999,-0.2575,0.79,0.125,0,0,0
1410.844,-0.2575,0.79,0.125,0,0,0
1410.856,-0.2575,0.79,0.125,0,0,0
1410.8670000000002,-0.2575,0.79,0.125,0,0,0
1410.878,-0.2575,0.79,0.125,0,0,0
1410.889,-0.2575,0.79,0.125,0,0,0
1410.9,-0.2575,0.79,0.125,0,0,0
1410.911,-0.2575,0.79,0.125,0,0,0
1410.922,-0.2575,0.79,0.125,0,0,0
1410.933,-0.2575,0.79,0.125,0,0,0
1410.944,-0.2575,0.79,0.125,0,0,0
1410.9560000000001,-0.2575,0.79,0.125,0,0,0
1410.967,-0.2575,0.79,0.125,0,0,0
1410.9779999999998,-0.2575,0.79,0.125,0,0,0
1410.989,-0.2575,0.79,0.125,0,0,0
1411.0,-0.2575,0.79,0.125,0,0,0
1411.011,-0.2575,0.79,0.125,0,0,0
1411.0220000000002,-0.2575,0.79,0.125,0,0,0
1411.033,-0.2575,0.79,0.125,0,0,0
1411.0439999999999,-0.2575,0.79,0.125,0,0,0
1411.056,-0.2575,0.79,0.125,0,0,0
1411.067,-0.2575,0.79,0.125,0,0,0
1411.078,-0.2575,0.79,0.125,0,0,0
1411.089,-0.2575,0.79,0.125,0,0,0
1411.1,-0.2575,0.79,0.125,0,0,0
1411.111,-0.2575,0.79,0.125,0,0,0
1411.122,-0.2575,0.79,0.125,0,0,0
1411.1329999999998,-0.2575,0.79,0.125,0,0,0
1411.145,-0.2575,0.79,0.125,0,0,0
1411.156,-0.2575,0.79,0.125,0,0,0
1411.1670000000001,-0.2575,0.79,0.125,0,0,0
1411.1779999999999,-0.2575,0.79,0.125,0,0,0
1411.1889999999999,-0.2575,0.79,0.125,0,0,0
1411.2,-0.2575,0.79,0.125,0,0,0
1411.211,-0.2575,0.79,0.125,0,0,0
1411.2220000000002,-0.2575,0.79,0.125,0,0,0
1411.233,-0.2575,0.79,0.125,0,0,0
1411.245,-0.2575,0.79,0.125,0,0,0
1411.256,-0.2575,0.79,0.125,0,0,0
1411.267,-0.2575,0.79,0.125,0,0,0
1411.2779999999998,-0.2575,0.79,0.125,0,0,0
1411.289,-0.2575,0.79,0.125,0,0,0
1411.3,-0.2575,0.79,0.125,0,0,0
1411.3110000000001,-0.2575,0.79,0.125,0,0,0
1411.3220000000001,-0.2575,0.79,0.125,0,0,0
1411.3329999999999,-0.2575,0.79,0.125,0,0,0
1411.344,-0.2575,0.79,0.125,0,0,0
1411.356,-0.2575,0.79,0.125,0,0,0
1411.3670000000002,-0.2575,0.79,0.125,0,0,0
1411.378,-0.2575,0.79,0.125,0,0,0
1411.389,-0.2575,0.79,0.125,0,0,0
1411.4,-0.2575,0.79,0.125,0,0,0
1411.411,-0.2575,0.79,0.125,0,0,0
1411.422,-0.2575,0.79,0.125,0,0,0
1411.433,-0.2575,0.79,0.125,0,0,0
1411.444,-0.2575,0.79,0.125,0,0,0
1411.4560000000001,-0.2575,0.79,0.125,0,0,0
1411.467,-0.2575,0.79,0.125,0,0,0
1411.4779999999998,-0.2575,0.79,0.125,0,0,0
1411.489,-0.2575,0.79,0.125,0,0,0
1411.5,-0.2575,0.79,0.125,0,0,0
1411.511,-0.2575,0.79,0.125,0,0,0
1411.5220000000002,-0.2575,0.79,0.125,0,0,0
1411.533,-0.2575,0.79,0.125,0,0,0
1411.5439999999999,-0.2575,0.79,0.125,0,0,0
1411.556,-0.2575,0.79,0.125,0,0,0
1411.567,-0.2575,0.79,0.125,0,0,0
1411.578,-0.2575,0.79,0.125,0,0,0
1411.589,-0.2575,0.79,0.125,0,0,0
1411.6,-0.2575,0.79,0.125,0,0,0
1411.611,-0.2575,0.79,0.125,0,0,0
1411.622,-0.2575,0.79,0.125,0,0,0
1411.6329999999998,-0.2575,0.79,0.125,0,0,0
1411.645,-0.2575,0.79,0.125,0,0,0
1411.656,-0.2575,0.79,0.125,0,0,0
1411.6670000000001,-0.2575,0.79,0.125,0,0,0
1411.6779999999999,-0.2575,0.79,0.125,0,0,0
1411.6889999999999,-0.2575,0.79,0.125,0,0,0
1411.7,-0.2575,0.79,0.125,0,0,0
1411.711,-0.2575,0.79,0.125,0,0,0
1411.7220000000002,-0.2575,0.79,0.125,0,0,0
1411.733,-0.2575,0.79,0.125,0,0,0
1411.745,-0.2575,0.79,0.125,0,0,0
1411.756,-0.2575,0.79,0.125,0,0,0
1411.767,-0.2575,0.79,0.125,0,0,0
1411.7779999999998,-0.2575,0.79,0.125,0,0,0
1411.789,-0.2575,0.79,0.125,0,0,0
1411.8,-0.2575,0.79,0.125,0,0,0
1411.8110000000001,-0.2575,0.79,0.125,0,0,0
1411.8220000000001,-0.2575,0.79,0.125,0,0,0
1411.8329999999999,-0.2575,0.79,0.125,0,0,0
1411.844,-0.2575,0.79,0.125,0,0,0
1411.856,-0.2575,0.79,0.125,0,0,0
1411.8670000000002,-0.2575,0.79,0.125,0,0,0
1411.878,-0.2575,0.79,0.125,0,0,0
1411.889,-0.2575,0.79,0.125,0,0,0
1411.9,-0.2575,0.79,0.125,0,0,0
1411.911,-0.2575,0.79,0.125,0,0,0
1411.922,-0.2575,0.79,0.125,0,0,0
1411.933,-0.2575,0.79,0.125,0,0,0
1411.944,-0.2575,0.79,0.125,0,0,0
1411.9560000000001,-0.2575,0.79,0.125,0,0,0
1411.967,-0.2575,0.79,0.125,0,0,0
1411.9779999999998,-0.2575,0.79,0.125,0,0,0
1411.989,-0.2575,0.79,0.125,0,0,0
1412.0,-0.2575,0.79,0.125,0,0,0
1412.011,-0.2575,0.79,0.125,0,0,0
1412.0220000000002,-0.2575,0.79,0.125,0,0,0
1412.033,-0.2575,0.79,0.125,0,0,0
1412.0439999999999,-0.2575,0.79,0.125,0,0,0
1412.056,-0.2575,0.79,0.125,0,0,0
1412.067,-0.2575,0.79,0.125,0,0,0
1412.078,-0.2575,0.79,0.125,0,0,0
1412.089,-0.2575,0.79,0.125,0,0,0
1412.1,-0.2575,0.79,0.125,0,0,0
1412.111,-0.2575,0.79,0.125,0,0,0
1412.122,-0.2575,0.79,0.125,0,0,0
1412.1329999999998,-0.2575,0.79,0.125,0,0,0
1412.145,-0.2575,0.79,0.125,0,0,0
1412.156,-0.2575,0.79,0.125,0,0,0
1412.1670000000001,-0.2575,0.79,0.125,0,0,0
1412.1779999999999,-0.2575,0.79,0.125,0,0,0
1412.1889999999999,-0.2575,0.79,0.125,0,0,0
1412.2,-0.2575,0.79,0.125,0,0,0
1412.211,-0.2575,0.79,0.125,0,0,0
1412.2220000000002,-0.2575,0.79,0.125,0,0,0
1412.233,-0.2575,0.79,0.125,0,0,0
1412.245,-0.2575,0.79,0.125,0,0,0
1412.256,-0.2575,0.79,0.125,0,0,0
1412.267,-0.2575,0.79,0.125,0,0,0
1412.2779999999998,-0.2575,0.79,0.125,0,0,0
1412.289,-0.2575,0.79,0.125,0,0,0
1412.3,-0.2575,0.79,0.125,0,0,0
1412.3110000000001,-0.2575,0.79,0.125,0,0,0
1412.3220000000001,-0.2575,0.79,0.125,0,0,0
1412.3329999999999,-0.2575,0.79,0.125,0,0,0
1412.344,-0.2575,0.79,0.125,0,0,0
1412.356,-0.2575,0.79,0.125,0,0,0
1412.3670000000002,-0.2575,0.79,0.125,0,0,0
1412.378,-0.2575,0.79,0.125,0,0,0
1412.389,-0.2575,0.79,0.125,0,0,0
1412.4,-0.2575,0.79,0.125,0,0,0
1412.411,-0.2575,0.79,0.125,0,0,0
1412.422,-0.2575,0.79,0.125,0,0,0
1412.433,-0.2575,0.79,0.125,0,0,0
1412.444,-0.2575,0.79,0.125,0,0,0
1412.4560000000001,-0.2575,0.79,0.125,0,0,0
1412.467,-0.2575,0.79,0.125,0,0,0
1412.4779999999998,-0.2575,0.79,0.125,0,0,0
1412.489,-0.2575,0.79,0.125,0,0,0
1412.5,-0.2575,0.79,0.125,0,0,0
1412.511,-0.2575,0.79,0.125,0,0,0
1412.5220000000002,-0.2575,0.79,0.125,0,0,0
1412.533,-0.2575,0.79,0.125,0,0,0
1412.5439999999999,-0.2575,0.79,0.125,0,0,0
1412.556,-0.2575,0.79,0.125,0,0,0
1412.567,-0.2575,0.79,0.125,0,0,0
1412.578,-0.2575,0.79,0.125,0,0,0
1412.589,-0.2575,0.79,0.125,0,0,0
1412.6,-0.2575,0.79,0.125,0,0,0
1412.611,-0.2575,0.79,0.125,0,0,0
1412.622,-0.2575,0.79,0.125,0,0,0
1412.6329999999998,-0.2575,0.79,0.125,0,0,0
1412.645,-0.2575,0.79,0.125,0,0,0
1412.656,-0.2575,0.79,0.125,0,0,0
1412.6670000000001,-0.2575,0.79,0.125,0,0,0
1412.6779999999999,-0.2575,0.79,0.125,0,0,0
1412.6889999999999,-0.2575,0.79,0.125,0,0,0
1412.7,-0.2575,0.79,0.125,0,0,0
1412.711,-0.2575,0.79,0.125,0,0,0
1412.7220000000002,-0.2575,0.79,0.125,0,0,0
1412.733,-0.2575,0.79,0.125,0,0,0
1412.745,-0.2575,0.79,0.125,0,0,0
1412.756,-0.2575,0.79,0.125,0,0,0
1412.767,-0.2575,0.79,0.125,0,0,0
1412.7779999999998,-0.2575,0.79,0.125,0,0,0
1412.789,-0.2575,0.79,0.125,0,0,0
1412.8,-0.2575,0.79,0.125,0,0,0
1412.8110000000001,-0.2575,0.79,0.125,0,0,0
1412.8220000000001,-0.2575,0.79,0.125,0,0,0
1412.8329999999999,-0.2575,0.79,0.125,0,0,0
1412.844,-0.2575,0.79,0.125,0,0,0
1412.856,-0.2575,0.79,0.125,0,0,0
1412.8670000000002,-0.2575,0.79,0.125,0,0,0
1412.878,-0.2575,0.79,0.125,0,0,0
1412.889,-0.2575,0.79,0.125,0,0,0
1412.9,-0.2575,0.79,0.125,0,0,0
1412.911,-0.2575,0.79,0.125,0,0,0
1412.922,-0.2575,0.79,0.125,0,0,0
1412.933,-0.2575,0.79,0.125,0,0,0
1412.944,-0.2575,0.79,0.125,0,0,0
1412.9560000000001,-0.2575,0.79,0.125,0,0,0
1412.967,-0.2575,0.79,0.125,0,0,0
1412.9779999999998,-0.2575,0.79,0.125,0,0,0
1412.989,-0.2575,0.79,0.125,0,0,0
1413.0,-0.2575,0.79,0.125,0,0,0
1413.011,-0.2575,0.79,0.125,0,0,0
1413.0220000000002,-0.2575,0.79,0.125,0,0,0
1413.033,-0.2575,0.79,0.125,0,0,0
1413.0439999999999,-0.2575,0.79,0.125,0,0,0
1413.056,-0.2575,0.79,0.125,0,0,0
1413.067,-0.2575,0.79,0.125,0,0,0
1413.078,-0.2575,0.79,0.125,0,0,0
1413.089,-0.2575,0.79,0.125,0,0,0
1413.1,-0.2575,0.79,0.125,0,0,0
1413.111,-0.2575,0.79,0.125,0,0,0
1413.122,-0.2575,0.79,0.125,0,0,0
1413.1329999999998,-0.2575,0.79,0.125,0,0,0
1413.145,-0.2575,0.79,0.125,0,0,0
1413.156,-0.2575,0.79,0.125,0,0,0
1413.1670000000001,-0.2575,0.79,0.125,0,0,0
1413.1779999999999,-0.2575,0.79,0.125,0,0,0
1413.1889999999999,-0.2575,0.79,0.125,0,0,0
1413.2,-0.2575,0.79,0.125,0,0,0
1413.211,-0.2575,0.79,0.125,0,0,0
1413.2220000000002,-0.2575,0.79,0.125,0,0,0
1413.233,-0.2575,0.79,0.125,0,0,0
1413.245,-0.2575,0.79,0.125,0,0,0
1413.256,-0.2575,0.79,0.125,0,0,0
1413.267,-0.2575,0.79,0.125,0,0,0
1413.2779999999998,-0.2575,0.79,0.125,0,0,0
1413.289,-0.2575,0.79,0.125,0,0,0
1413.3,-0.2575,0.79,0.125,0,0,0
1413.3110000000001,-0.2575,0.79,0.125,0,0,0
1413.3220000000001,-0.2575,0.79,0.125,0,0,0
1413.3329999999999,-0.2575,0.79,0.125,0,0,0
1413.344,-0.2575,0.79,0.125,0,0,0
1413.356,-0.2575,0.79,0.125,0,0,0
1413.3670000000002,-0.2575,0.79,0.125,0,0,0
1413.378,-0.2575,0.79,0.125,0,0,0
1413.389,-0.2575,0.79,0.125,0,0,0
1413.4,-0.2575,0.79,0.125,0,0,0
1413.411,-0.2575,0.79,0.125,0,0,0
1413.422,-0.2575,0.79,0.125,0,0,0
1413.433,-0.2575,0.79,0.125,0,0,0
1413.444,-0.2575,0.79,0.125,0,0,0
1413.4560000000001,-0.2575,0.79,0.125,0,0,0
1413.467,-0.2575,0.79,0.125,0,0,0
1413.4779999999998,-0.2575,0.79,0.125,0,0,0
1413.489,-0.2575,0.79,0.125,0,0,0
1413.5,-0.2575,0.79,0.125,0,0,0
1413.511,-0.2575,0.79,0.125,0,0,0
1413.5220000000002,-0.2575,0.79,0.125,0,0,0
1413.533,-0.2575,0.79,0.125,0,0,0
1413.5439999999999,-0.2575,0.79,0.125,0,0,0
1413.556,-0.2575,0.79,0.125,0,0,0
1413.567,-0.2575,0.79,0.125,0,0,0
1413.578,-0.2575,0.79,0.125,0,0,0
1413.589,-0.2575,0.79,0.125,0,0,0
1413.6,-0.2575,0.79,0.125,0,0,0
1413.611,-0.2575,0.79,0.125,0,0,0
1413.622,-0.2575,0.79,0.125,0,0,0
1413.6329999999998,-0.2575,0.79,0.125,0,0,0
1413.645,-0.2575,0.79,0.125,0,0,0
1413.656,-0.2575,0.79,0.125,0,0,0
1413.6670000000001,-0.2575,0.79,0.125,0,0,0
1413.6779999999999,-0.2575,0.79,0.125,0,0,0
1413.6889999999999,-0.2575,0.79,0.125,0,0,0
1413.7,-0.2575,0.79,0.125,0,0,0
1413.711,-0.2575,0.79,0.125,0,0,0
1413.7220000000002,-0.2575,0.79,0.125,0,0,0
1413.733,-0.2575,0.79,0.125,0,0,0
1413.745,-0.2575,0.79,0.125,0,0,0
1413.756,-0.2575,0.79,0.125,0,0,0
1413.767,-0.2575,0.79,0.125,0,0,0
1413.7779999999998,-0.2575,0.79,0.125,0,0,0
1413.789,-0.2575,0.79,0.125,0,0,0
1413.8,-0.2575,0.79,0.125,0,0,0
1413.8110000000001,-0.2575,0.79,0.125,0,0,0
1413.8220000000001,-0.2575,0.79,0.125,0,0,0
1413.8329999999999,-0.2575,0.79,0.125,0,0,0
1413.844,-0.2575,0.79,0.125,0,0,0
1413.856,-0.2575,0.79,0.125,0,0,0
1413.8670000000002,-0.2575,0.79,0.125,0,0,0
1413.878,-0.2575,0.79,0.125,0,0,0
1413.889,-0.2575,0.79,0.125,0,0,0
1413.9,-0.2575,0.79,0.125,0,0,0
1413.911,-0.2575,0.79,0.125,0,0,0
1413.922,-0.2575,0.79,0.125,0,0,0
1413.933,-0.2575,0.79,0.125,0,0,0
1413.944,-0.2575,0.79,0.125,0,0,0
1413.9560000000001,-0.2575,0.79,0.125,0,0,0
1413.967,-0.2575,0.79,0.125,0,0,0
1413.9779999999998,-0.2575,0.79,0.125,0,0,0
1413.989,-0.2575,0.79,0.125,0,0,0
1414.0,-0.2575,0.79,0.125,0,0,0
1414.011,-0.2575,0.79,0.125,0,0,0
1414.0220000000002,-0.2575,0.79,0.125,0,0,0
1414.033,-0.2575,0.79,0.125,0,0,0
1414.0439999999999,-0.2575,0.79,0.125,0,0,0
1414.056,-0.2575,0.79,0.125,0,0,0
1414.067,-0.2575,0.79,0.125,0,0,0
1414.078,-0.2575,0.79,0.125,0,0,0
1414.089,-0.2575,0.79,0.125,0,0,0
1414.1,-0.2575,0.79,0.125,0,0,0
1414.111,-0.2575,0.79,0.125,0,0,0
1414.122,-0.2575,0.79,0.125,0,0,0
1414.1329999999998,-0.2575,0.79,0.125,0,0,0
1414.145,-0.2575,0.79,0.125,0,0,0
1414.156,-0.2575,0.79,0.125,0,0,0
1414.1670000000001,-0.2575,0.79,0.125,0,0,0
1414.1779999999999,-0.2575,0.79,0.125,0,0,0
1414.1889999999999,-0.2575,0.79,0.125,0,0,0
1414.2,-0.2575,0.79,0.125,0,0,0
1414.211,-0.2575,0.79,0.125,0,0,0
1414.2220000000002,-0.2575,0.79,0.125,0,0,0
1414.233,-0.2575,0.79,0.125,0,0,0
1414.245,-0.2575,0.79,0.125,0,0,0
1414.256,-0.2575,0.79,0.125,0,0,0
1414.267,-0.2575,0.79,0.125,0,0,0
1414.2779999999998,-0.2575,0.79,0.125,0,0,0
1414.289,-0.2575,0.79,0.125,0,0,0
1414.3,-0.2575,0.79,0.125,0,0,0
1414.3110000000001,-0.2575,0.79,0.125,0,0,0
1414.3220000000001,-0.2575,0.79,0.125,0,0,0
1414.3329999999999,-0.2575,0.79,0.125,0,0,0
1414.344,-0.2575,0.79,0.125,0,0,0
1414.356,-0.2575,0.79,0.125,0,0,0
1414.3670000000002,-0.2575,0.79,0.125,0,0,0
1414.378,-0.2575,0.79,0.125,0,0,0
1414.389,-0.2575,0.79,0.125,0,0,0
1414.4,-0.2575,0.79,0.125,0,0,0
1414.411,-0.2575,0.79,0.125,0,0,0
1414.422,-0.2575,0.79,0.125,0,0,0
1414.433,-0.2575,0.79,0.125,0,0,0
1414.444,-0.2575,0.79,0.125,0,0,0
1414.4560000000001,-0.2575,0.79,0.125,0,0,0
1414.467,-0.2575,0.79,0.125,0,0,0
1414.4779999999998,-0.2575,0.79,0.125,0,0,0
1414.489,-0.2575,0.79,0.125,0,0,0
1414.5,-0.2575,0.79,0.125,0,0,0
1414.511,-0.2575,0.79,0.125,0,0,0
1414.5220000000002,-0.2575,0.79,0.125,0,0,0
1414.533,-0.2575,0.79,0.125,0,0,0
1414.5439999999999,-0.2575,0.79,0.125,0,0,0
1414.556,-0.2575,0.79,0.125,0,0,0
1414.567,-0.2575,0.79,0.125,0,0,0
1414.578,-0.2575,0.79,0.125,0,0,0
1414.589,-0.2575,0.79,0.125,0,0,0
1414.6,-0.2575,0.79,0.125,0,0,0
1414.611,-0.2575,0.79,0.125,0,0,0
1414.622,-0.2575,0.79,0.125,0,0,0
1414.6329999999998,-0.2575,0.79,0.125,0,0,0
1414.645,-0.2575,0.79,0.125,0,0,0
1414.656,-0.2575,0.79,0.125,0,0,0
1414.6670000000001,-0.2575,0.79,0.125,0,0,0
1414.6779999999999,-0.2575,0.79,0.125,0,0,0
1414.6889999999999,-0.2575,0.79,0.125,0,0,0
1414.7,-0.2575,0.79,0.125,0,0,0
1414.711,-0.2575,0.79,0.125,0,0,0
1414.7220000000002,-0.2575,0.79,0.125,0,0,0
1414.733,-0.2575,0.79,0.125,0,0,0
1414.745,-0.2575,0.79,0.125,0,0,0
1414.756,-0.2575,0.79,0.125,0,0,0
1414.767,-0.2575,0.79,0.125,0,0,0
1414.7779999999998,-0.2575,0.79,0.125,0,0,0
1414.789,-0.2575,0.79,0.125,0,0,0
1414.8,-0.2575,0.79,0.125,0,0,0
1414.8110000000001,-0.2575,0.79,0.125,0,0,0
1414.8220000000001,-0.2575,0.79,0.125,0,0,0
1414.8329999999999,-0.2575,0.79,0.125,0,0,0
1414.844,-0.2575,0.79,0.125,0,0,0
1414.856,-0.2575,0.79,0.125,0,0,0
1414.8670000000002,-0.2575,0.79,0.125,0,0,0
1414.878,-0.2575,0.79,0.125,0,0,0
1414.889,-0.2575,0.79,0.125,0,0,0
1414.9,-0.2575,0.79,0.125,0,0,0
1414.911,-0.2575,0.79,0.125,0,0,0
1414.922,-0.2575,0.79,0.125,0,0,0
1414.933,-0.2575,0.79,0.125,0,0,0
1414.944,-0.2575,0.79,0.125,0,0,0
1414.9560000000001,-0.2575,0.79,0.125,0,0,0
1414.967,-0.2575,0.79,0.125,0,0,0
1414.9779999999998,-0.2575,0.79,0.125,0,0,0
1414.989,-0.2575,0.79,0.125,0,0,0
1415.0,-0.2575,0.79,0.125,0,0,0
1415.011,-0.2575,0.79,0.125,0,0,0
1415.0220000000002,-0.2575,0.79,0.125,0,0,0
1415.033,-0.2575,0.79,0.125,0,0,0
1415.0439999999999,-0.2575,0.79,0.125,0,0,0
1415.056,-0.2575,0.79,0.125,0,0,0
1415.067,-0.2575,0.79,0.125,0,0,0
1415.078,-0.2575,0.79,0.125,0,0,0
1415.089,-0.2575,0.79,0.125,0,0,0
1415.1,-0.2575,0.79,0.125,0,0,0
1415.111,-0.2575,0.79,0.125,0,0,0
1415.122,-0.2575,0.79,0.125,0,0,0
1415.1329999999998,-0.2575,0.79,0.125,0,0,0
1415.145,-0.2575,0.79,0.125,0,0,0
1415.156,-0.2575,0.79,0.125,0,0,0
1415.1670000000001,-0.2575,0.79,0.125,0,0,0
1415.1779999999999,-0.2575,0.79,0.125,0,0,0
1415.1889999999999,-0.2575,0.79,0.125,0,0,0
1415.2,-0.2575,0.79,0.125,0,0,0
1415.211,-0.2575,0.79,0.125,0,0,0
1415.2220000000002,-0.2575,0.79,0.125,0,0,0
1415.233,-0.2575,0.79,0.125,0,0,0
1415.245,-0.2575,0.79,0.125,0,0,0
1415.256,-0.2575,0.79,0.125,0,0,0
1415.267,-0.2575,0.79,0.125,0,0,0
1415.2779999999998,-0.2575,0.79,0.125,0,0,0
1415.289,-0.2575,0.79,0.125,0,0,0
1415.3,-0.2575,0.79,0.125,0,0,0
1415.3110000000001,-0.2575,0.79,0.125,0,0,0
1415.3220000000001,-0.2575,0.79,0.125,0,0,0
1415.3329999999999,-0.2575,0.79,0.125,0,0,0
1415.344,-0.2575,0.79,0.125,0,0,0
1415.356,-0.2575,0.79,0.125,0,0,0
1415.3670000000002,-0.2575,0.79,0.125,0,0,0
1415.378,-0.2575,0.79,0.125,0,0,0
1415.389,-0.2575,0.79,0.125,0,0,0
1415.4,-0.2575,0.79,0.125,0,0,0
1415.411,-0.2575,0.79,0.125,0,0,0
1415.422,-0.2575,0.79,0.125,0,0,0
1415.433,-0.2575,0.79,0.125,0,0,0
1415.444,-0.2575,0.79,0.125,0,0,0
1415.4560000000001,-0.2575,0.79,0.125,0,0,0
1415.467,-0.2575,0.79,0.125,0,0,0
1415.4779999999998,-0.2575,0.79,0.125,0,0,0
1415.489,-0.2575,0.79,0.125,0,0,0
1415.5,-0.2575,0.79,0.125,0,0,0
1415.511,-0.2575,0.79,0.125,0,0,0
1415.5220000000002,-0.2575,0.79,0.125,0,0,0
1415.533,-0.2575,0.79,0.125,0,0,0
1415.5439999999999,-0.2575,0.79,0.125,0,0,0
1415.556,-0.2575,0.79,0.125,0,0,0
1415.567,-0.2575,0.79,0.125,0,0,0
1415.578,-0.2575,0.79,0.125,0,0,0
1415.589,-0.2575,0.79,0.125,0,0,0
1415.6,-0.2575,0.79,0.125,0,0,0
1415.611,-0.2575,0.79,0.125,0,0,0
1415.622,-0.2575,0.79,0.125,0,0,0
1415.6329999999998,-0.2575,0.79,0.125,0,0,0
1415.645,-0.2575,0.79,0.125,0,0,0
1415.656,-0.2575,0.79,0.125,0,0,0
1415.6670000000001,-0.2575,0.79,0.125,0,0,0
1415.6779999999999,-0.2575,0.79,0.125,0,0,0
1415.6889999999999,-0.2575,0.79,0.125,0,0,0
1415.7,-0.2575,0.79,0.125,0,0,0
1415.711,-0.2575,0.79,0.125,0,0,0
1415.7220000000002,-0.2575,0.79,0.125,0,0,0
1415.733,-0.2575,0.79,0.125,0,0,0
1415.745,-0.2575,0.79,0.125,0,0,0
1415.756,-0.2575,0.79,0.125,0,0,0
1415.767,-0.2575,0.79,0.125,0,0,0
1415.7779999999998,-0.2575,0.79,0.125,0,0,0
1415.789,-0.2575,0.79,0.125,0,0,0
1415.8,-0.2575,0.79,0.125,0,0,0
1415.8110000000001,-0.2575,0.79,0.125,0,0,0
1415.8220000000001,-0.2575,0.79,0.125,0,0,0
1415.8329999999999,-0.2575,0.79,0.125,0,0,0
1415.844,-0.2575,0.79,0.125,0,0,0
1415.856,-0.2575,0.79,0.125,0,0,0
1415.8670000000002,-0.2575,0.79,0.125,0,0,0
1415.878,-0.2575,0.79,0.125,0,0,0
1415.889,-0.2575,0.79,0.125,0,0,0
1415.9,-0.2575,0.79,0.125,0,0,0
1415.911,-0.2575,0.79,0.125,0,0,0
1415.922,-0.2575,0.79,0.125,0,0,0
1415.933,-0.2575,0.79,0.125,0,0,0
1415.944,-0.2575,0.79,0.125,0,0,0
1415.9560000000001,-0.2575,0.79,0.125,0,0,0
1415.967,-0.2575,0.79,0.125,0,0,0
1415.9779999999998,-0.2575,0.79,0.125,0,0,0
1415.989,-0.2575,0.79,0.125,0,0,0
1416.0,-0.2575,0.79,0.125,0,0,0
1416.011,-0.2575,0.79,0.125,0,0,0
1416.0220000000002,-0.2575,0.79,0.125,0,0,0
1416.033,-0.2575,0.79,0.125,0,0,0
1416.0439999999999,-0.2575,0.79,0.125,0,0,0
1416.056,-0.2575,0.79,0.125,0,0,0
1416.067,-0.2575,0.79,0.125,0,0,0
1416.078,-0.2575,0.79,0.125,0,0,0
1416.089,-0.2575,0.79,0.125,0,0,0
1416.1,-0.2575,0.79,0.125,0,0,0
1416.111,-0.2575,0.79,0.125,0,0,0
1416.122,-0.2575,0.79,0.125,0,0,0
1416.1329999999998,-0.2575,0.79,0.125,0,0,0
1416.145,-0.2575,0.79,0.125,0,0,0
1416.156,-0.2575,0.79,0.125,0,0,0
1416.1670000000001,-0.2575,0.79,0.125,0,0,0
1416.1779999999999,-0.2575,0.79,0.125,0,0,0
1416.1889999999999,-0.2575,0.79,0.125,0,0,0
1416.2,-0.2575,0.79,0.125,0,0,0
1416.211,-0.2575,0.79,0.125,0,0,0
1416.2220000000002,-0.2575,0.79,0.125,0,0,0
1416.233,-0.2575,0.79,0.125,0,0,0
1416.245,-0.2575,0.79,0.125,0,0,0
1416.256,-0.2575,0.79,0.125,0,0,0
1416.267,-0.2575,0.79,0.125,0,0,0
1416.2779999999998,-0.2575,0.79,0.125,0,0,0
1416.289,-0.2575,0.79,0.125,0,0,0
1416.3,-0.2575,0.79,0.125,0,0,0
1416.3110000000001,-0.2575,0.79,0.125,0,0,0
1416.3220000000001,-0.2575,0.79,0.125,0,0,0
1416.3329999999999,-0.2575,0.79,0.125,0,0,0
1416.344,-0.2575,0.79,0.125,0,0,0
1416.356,-0.2575,0.79,0.125,0,0,0
1416.3670000000002,-0.2575,0.79,0.125,0,0,0
1416.378,-0.2575,0.79,0.125,0,0,0
1416.389,-0.2575,0.79,0.125,0,0,0
1416.4,-0.2575,0.79,0.125,0,0,0
1416.411,-0.2575,0.79,0.125,0,0,0
1416.422,-0.2575,0.79,0.125,0,0,0
1416.433,-0.2575,0.79,0.125,0,0,0
1416.444,-0.2575,0.79,0.125,0,0,0
1416.4560000000001,-0.2575,0.79,0.125,0,0,0
1416.467,-0.2575,0.79,0.125,0,0,0
1416.4779999999998,-0.2575,0.79,0.125,0,0,0
1416.489,-0.2575,0.79,0.125,0,0,0
1416.5,-0.2575,0.79,0.125,0,0,0
1416.511,-0.2575,0.79,0.125,0,0,0
1416.5220000000002,-0.2575,0.79,0.125,0,0,0
1416.533,-0.2575,0.79,0.125,0,0,0
1416.5439999999999,-0.2575,0.79,0.125,0,0,0
1416.556,-0.2575,0.79,0.125,0,0,0
1416.567,-0.2575,0.79,0.125,0,0,0
1416.578,-0.2575,0.79,0.125,0,0,0
1416.589,-0.2575,0.79,0.125,0,0,0
1416.6,-0.2575,0.79,0.125,0,0,0
1416.611,-0.2575,0.79,0.125,0,0,0
1416.622,-0.2575,0.79,0.125,0,0,0
1416.6329999999998,-0.2575,0.79,0.125,0,0,0
1416.645,-0.2575,0.79,0.125,0,0,0
1416.656,-0.2575,0.79,0.125,0,0,0
1416.6670000000001,-0.2575,0.79,0.125,0,0,0
1416.6779999999999,-0.2575,0.79,0.125,0,0,0
1416.6889999999999,-0.2575,0.79,0.125,0,0,0
1416.7,-0.2575,0.79,0.125,0,0,0
1416.711,-0.2575,0.79,0.125,0,0,0
1416.7220000000002,-0.2575,0.79,0.125,0,0,0
1416.733,-0.2575,0.79,0.125,0,0,0
1416.745,-0.2575,0.79,0.125,0,0,0
1416.756,-0.2575,0.79,0.125,0,0,0
1416.767,-0.2575,0.79,0.125,0,0,0
1416.7779999999998,-0.2575,0.79,0.125,0,0,0
1416.789,-0.2575,0.79,0.125,0,0,0
1416.8,-0.2575,0.79,0.125,0,0,0
1416.8110000000001,-0.2575,0.79,0.125,0,0,0
1416.8220000000001,-0.2575,0.79,0.125,0,0,0
1416.8329999999999,-0.2575,0.79,0.125,0,0,0
1416.844,-0.2575,0.79,0.125,0,0,0
1416.856,-0.2575,0.79,0.125,0,0,0
1416.8670000000002,-0.2575,0.79,0.125,0,0,0
1416.878,-0.2575,0.79,0.125,0,0,0
1416.889,-0.2575,0.79,0.125,0,0,0
1416.9,-0.2575,0.79,0.125,0,0,0
1416.911,-0.2575,0.79,0.125,0,0,0
1416.922,-0.2575,0.79,0.125,0,0,0
1416.933,-0.2575,0.79,0.125,0,0,0
1416.944,-0.2575,0.79,0.125,0,0,0
1416.9560000000001,-0.2575,0.79,0.125,0,0,0
1416.967,-0.2575,0.79,0.125,0,0,0
1416.9779999999998,-0.2575,0.79,0.125,0,0,0
1416.989,-0.2575,0.79,0.125,0,0,0
1417.0,-0.2575,0.79,0.125,0,0,0
1417.011,-0.2575,0.79,0.125,0,0,0
1417.0220000000002,-0.2575,0.79,0.125,0,0,0
1417.033,-0.2575,0.79,0.125,0,0,0
1417.0439999999999,-0.2575,0.79,0.125,0,0,0
1417.056,-0.2575,0.79,0.125,0,0,0
1417.067,-0.2575,0.79,0.125,0,0,0
1417.078,-0.2575,0.79,0.125,0,0,0
1417.089,-0.2575,0.79,0.125,0,0,0
1417.1,-0.2575,0.79,0.125,0,0,0
1417.111,-0.2575,0.79,0.125,0,0,0
1417.122,-0.2575,0.79,0.125,0,0,0
1417.1329999999998,-0.2575,0.79,0.125,0,0,0
1417.145,-0.2575,0.79,0.125,0,0,0
1417.156,-0.2575,0.79,0.125,0,0,0
1417.1670000000001,-0.2575,0.79,0.125,0,0,0
1417.1779999999999,-0.2575,0.79,0.125,0,0,0
1417.1889999999999,-0.2575,0.79,0.125,0,0,0
1417.2,-0.2575,0.79,0.125,0,0,0
1417.211,-0.2575,0.79,0.125,0,0,0
1417.2220000000002,-0.2575,0.79,0.125,0,0,0
1417.233,-0.2575,0.79,0.125,0,0,0
1417.245,-0.2575,0.79,0.125,0,0,0
1417.256,-0.2575,0.79,0.125,0,0,0
1417.267,-0.2575,0.79,0.125,0,0,0
1417.2779999999998,-0.2575,0.79,0.125,0,0,0
1417.289,-0.2575,0.79,0.125,0,0,0
1417.3,-0.2575,0.79,0.125,0,0,0
1417.3110000000001,-0.2575,0.79,0.125,0,0,0
1417.3220000000001,-0.2575,0.79,0.125,0,0,0
1417.3329999999999,-0.2575,0.79,0.125,0,0,0
1417.344,-0.2575,0.79,0.125,0,0,0
1417.356,-0.2575,0.79,0.125,0,0,0
1417.3670000000002,-0.2575,0.79,0.125,0,0,0
1417.378,-0.2575,0.79,0.125,0,0,0
1417.389,-0.2575,0.79,0.125,0,0,0
1417.4,-0.2575,0.79,0.125,0,0,0
1417.411,-0.2575,0.79,0.125,0,0,0
1417.422,-0.2575,0.79,0.125,0,0,0
1417.433,-0.2575,0.79,0.125,0,0,0
1417.444,-0.2575,0.79,0.125,0,0,0
1417.4560000000001,-0.2575,0.79,0.125,0,0,0
1417.467,-0.2575,0.79,0.125,0,0,0
1417.4779999999998,-0.2575,0.79,0.125,0,0,0
1417.489,-0.2575,0.79,0.125,0,0,0
1417.5,-0.2575,0.79,0.125,0,0,0
1417.511,-0.2575,0.79,0.125,0,0,0
1417.5220000000002,-0.2575,0.79,0.125,0,0,0
1417.533,-0.2575,0.79,0.125,0,0,0
1417.5439999999999,-0.2575,0.79,0.125,0,0,0
1417.556,-0.2575,0.79,0.125,0,0,0
1417.567,-0.2575,0.79,0.125,0,0,0
1417.578,-0.2575,0.79,0.125,0,0,0
1417.589,-0.2575,0.79,0.125,0,0,0
1417.6,-0.2575,0.79,0.125,0,0,0
1417.611,-0.2575,0.79,0.125,0,0,0
1417.622,-0.2575,0.79,0.125,0,0,0
1417.6329999999998,-0.2575,0.79,0.125,0,0,0
1417.645,-0.2575,0.79,0.125,0,0,0
1417.656,-0.2575,0.79,0.125,0,0,0
