time,pos_x,pos_y,pos_z,rot_x,rot_y,rot_z
925.7111,0.2786,0.7882,-0.2882,329.7997,330.7382,16.6713
925.7222,0.27899999999999997,0.7884,-0.2883,329.6613,330.9961,16.5139
925.7333,0.2793,0.7884,-0.2883,329.5551,331.2078,16.3731
925.7444,0.2796,0.7885,-0.2882,329.3981,331.4173,16.1949
925.7556,0.2798,0.7887,-0.2882,329.2321,331.5697,16.0699
925.7667,0.2801,0.7887,-0.2882,329.0513,331.7074,15.9467
925.7778,0.2803,0.7887,-0.28800000000000003,328.8806,331.8341,15.797
925.7889,0.2805,0.7888,-0.2879,328.7117,331.9835,15.6432
925.8,0.2804,0.7889,-0.2878,328.5553,332.1278,15.4573
925.8112,0.2805,0.7889,-0.2881,328.3518,332.2753,15.177999999999999
925.8223,0.2805,0.7888,-0.2881,328.1834,332.3395,14.9392
925.8334,0.2807,0.7886,-0.2881,328.0221,332.3494,14.8121
925.8445,0.2807,0.7885,-0.2879,327.9132,332.24800000000005,14.8026
925.8556,0.2807,0.7884,-0.2879,327.8298,332.1134,14.8599
925.8667,0.2804,0.7884,-0.2879,327.76199999999994,332.0166,14.8856
925.8778,0.2803,0.7883,-0.28800000000000003,327.735,331.9823,14.7984
925.8889,0.2801,0.7882,-0.28800000000000003,327.7792,331.9603,14.6763
925.9,0.28,0.7883,-0.28800000000000003,327.8169,331.9082,14.6062
925.9111,0.28,0.7883,-0.28800000000000003,327.9146,331.7769,14.6338
925.9222,0.2797,0.7881,-0.28800000000000003,327.9998,331.625,14.7903
925.9333,0.2796,0.7879999999999999,-0.2879,328.0471,331.5197,14.9481
925.9445,0.2794,0.7879999999999999,-0.2875,328.1396,331.4692,15.1783
925.9556,0.2794,0.7879999999999999,-0.2874,328.2232,331.4305,15.2712
925.9667,0.2791,0.7881,-0.2873,328.2961,331.4765,15.2742
925.9778,0.27899999999999997,0.7881,-0.2872,328.37699999999995,331.5073,15.2662
925.9889,0.27899999999999997,0.7882,-0.2871,328.4348,331.5499,15.3077
926.0,0.2789,0.7882,-0.287,328.4773,331.5688,15.3483
926.0111,0.2789,0.7882,-0.287,328.4885,331.6122,15.3112
926.0222,0.2789,0.7881,-0.2869,328.4906,331.6447,15.2385
926.0334,0.27899999999999997,0.7879,-0.2869,328.5001,331.6593,15.1975
926.0445,0.2791,0.7878,-0.2867,328.5002,331.6146,15.1817
926.0556,0.2791,0.7875,-0.2866,328.4993,331.6011,15.1406
926.0667,0.2792,0.7875,-0.2865,328.4857,331.601,15.059000000000001
926.0778,0.2793,0.7873,-0.2867,328.4818,331.5918,15.0146
926.0889,0.2795,0.7873,-0.2867,328.4894,331.586,15.0397
926.1,0.2796,0.7873,-0.2867,328.5089,331.5743,15.0744
926.1111,0.2797,0.7872,-0.2868,328.5455,331.5913,15.0736
926.1223,0.2799,0.7872,-0.2868,328.5646,331.6223,15.0354
926.1334,0.28,0.7872,-0.2867,328.6032,331.6727,14.9784
926.1445,0.2801,0.7871,-0.2866,328.649,331.699,14.9354
926.1556,0.28,0.7869,-0.2865,328.7083,331.713,14.9374
926.1667,0.2801,0.7867,-0.2865,328.7619,331.7452,14.8794
926.1778,0.2801,0.7865,-0.2864,328.8156,331.7884,14.8146
926.1889,0.2801,0.7865,-0.2863,328.8737,331.7932,14.8375
926.2,0.2801,0.7865,-0.2863,328.8737,331.7932,14.8375
926.2111,0.2801,0.7863,-0.2863,329.024,331.7556,14.953
926.2222,0.28,0.7862,-0.2863,329.0963,331.7415,14.9727
926.2333,0.2797,0.7863,-0.2863,329.1983,331.7093,15.0413
926.2444,0.2796,0.7863,-0.28600000000000003,329.2979,331.6606,15.1149
926.2556,0.2794,0.7862,-0.2859,329.3495,331.6296,15.1325
926.2667,0.2794,0.7861,-0.2859,329.3924,331.6342,15.0996
926.2778,0.2792,0.7859999999999999,-0.2858,329.4464,331.6307,15.1094
926.2889,0.27899999999999997,0.7859999999999999,-0.2858,329.4829,331.6245,15.1096
926.3,0.2788,0.7859999999999999,-0.2857,329.4797,331.6414,15.068
926.3112,0.2788,0.7859999999999999,-0.2857,329.4797,331.6414,15.068
926.3223,0.2786,0.7859,-0.2857,329.4922,331.5389,15.0554
926.3334,0.2786,0.7859,-0.2857,329.4922,331.5389,15.0554
926.3445,0.2785,0.7857,-0.2856,329.5157,331.3855,14.9965
926.3556,0.2785,0.7855,-0.2855,329.5354,331.2907,14.9792
926.3667,0.2785,0.7855,-0.2855,329.5354,331.2907,14.9792
926.3778,0.2782,0.7855,-0.2854,329.5879,331.1665,15.0481
926.3889,0.2781,0.7851,-0.2853,329.73900000000003,331.0015,15.1795
926.4,0.2778,0.7851,-0.2852,329.8144,330.9859,15.1995
926.4111,0.2778,0.7851,-0.2852,329.8144,330.9859,15.1995
926.4222,0.2778,0.785,-0.2852,329.8989,331.0137,15.2301
926.4333,0.2778,0.7847,-0.285,329.9587,331.0433,15.2001
926.4445,0.2776,0.7846,-0.2849,329.9746,331.1466,15.0888
926.4556,0.2776,0.7845,-0.2848,330.0091,331.2208,15.023
926.4667,0.2777,0.7844,-0.2847,330.0565,331.2723,15.0175
926.4778,0.2779,0.7841,-0.2847,330.097,331.3582,15.0014
926.4889,0.278,0.784,-0.2843,330.1598,331.425,15.0086
926.5,0.2779,0.784,-0.2843,330.1971,331.5115,15.0515
926.5111,0.278,0.7839,-0.2842,330.2282,331.60699999999997,15.0258
926.5222,0.2781,0.7839,-0.2843,330.2562,331.6901,14.9715
926.5334,0.2781,0.7839,-0.2843,330.2534,331.7559,14.9246
926.5445,0.2783,0.7838,-0.2843,330.2704,331.7721,14.9156
926.5556,0.2784,0.7839,-0.2841,330.2711,331.7587,14.9356
926.5667,0.2784,0.7838,-0.2842,330.2307,331.7602,14.9247
926.5778,0.2786,0.7838,-0.2842,330.2,331.7563,14.9363
926.5889,0.2787,0.7837,-0.2843,330.1875,331.7379,14.9741
926.6,0.2787,0.7837,-0.2844,330.1536,331.7363,14.9663
926.6111,0.2789,0.7837,-0.2844,330.1009,331.7381,14.8803
926.6223,0.27899999999999997,0.7837,-0.2847,330.0713,331.6969,14.8889
926.6334,0.2791,0.7838,-0.2848,330.0725,331.63699999999994,14.9542
926.6445,0.2791,0.7839,-0.2849,330.0822,331.6284,14.9534
926.6556,0.2791,0.7838,-0.285,330.1019,331.6613,14.8805
926.6667,0.2793,0.7838,-0.285,330.1105,331.685,14.8302
926.6778,0.2794,0.7838,-0.285,330.1411,331.7046,14.8155
926.6889,0.2796,0.7839,-0.2851,330.1808,331.7393,14.8308
926.7,0.2797,0.7839,-0.2852,330.2122,331.7819,14.8354
926.7111,0.2796,0.7841,-0.2852,330.2328,331.84,14.8494
926.7222,0.2797,0.7841,-0.2849,330.2336,331.8839,14.8439
926.7333,0.2797,0.784,-0.285,330.2046,331.869,14.8737
926.7444,0.2798,0.7839,-0.2849,330.1888,331.8715,14.9005
926.7556,0.2799,0.7838,-0.2849,330.1534,331.8723,14.9212
926.7667,0.2798,0.7838,-0.285,330.1282,331.8927,14.9079
926.7778,0.28,0.7837,-0.285,330.1459,331.9344,14.8625
926.7889,0.2801,0.7837,-0.285,330.1766,331.971,14.8449
926.8,0.2801,0.7836,-0.285,330.2126,332.0153,14.8519
926.8112,0.28,0.7837,-0.285,330.2601,332.0963,14.7945
926.8223,0.2799,0.7836,-0.2848,330.2992,332.1615,14.743
926.8334,0.2799,0.7835,-0.2848,330.3447,332.2095,14.7185
926.8445,0.2798,0.7836,-0.2848,330.4073,332.2307,14.7032
926.8556,0.2798,0.7834,-0.2847,330.3996,332.2051,14.6642
926.8667,0.2797,0.7832,-0.2847,330.38,332.1513,14.6918
926.8778,0.2797,0.7831,-0.2848,330.3661,332.1051,14.7189
926.8889,0.2799,0.7831,-0.2848,330.3492,332.0782,14.7104
926.9,0.28,0.7829999999999999,-0.2847,330.3641,332.0549,14.7076
926.9111,0.2799,0.7829,-0.2846,330.4194,332.0435,14.6718
926.9222,0.2799,0.7829,-0.2845,330.4685,332.0483,14.6327
926.9333,0.2799,0.7828,-0.2845,330.5259,332.0644,14.6094
926.9445,0.2798,0.7827,-0.2844,330.5956,332.0804,14.6381
926.9556,0.2798,0.7826,-0.2843,330.6589,332.0792,14.6758
926.9667,0.2797,0.7826,-0.2843,330.7324,332.0851,14.7531
926.9778,0.2796,0.7825,-0.2842,330.792,332.0993,14.7851
926.9889,0.2795,0.7825,-0.2841,330.8598,332.148,14.8019
927.0,0.2795,0.7826,-0.2841,330.9189,332.2273,14.7586
927.0111,0.2795,0.7825,-0.2842,330.9801,332.2894,14.7015
927.0222,0.2794,0.7827,-0.284,331.0555,332.3536,14.648
927.0334,0.2793,0.7829,-0.284,331.1029,332.3941,14.5921
927.0445,0.2792,0.7832,-0.284,331.1248,332.3897,14.5882
927.0556,0.2789,0.7833,-0.2839,331.1487,332.3299,14.7024
927.0667,0.2787,0.7837,-0.2838,331.1765,332.2882,14.8161
927.0778,0.278,0.7845,-0.2837,331.2043,332.2762,14.8865
927.0889,0.2776,0.7851,-0.2837,331.2295,332.2937,14.897
927.1,0.2769,0.7859,-0.2835,331.28,332.3182,14.9337
927.1111,0.276,0.7867,-0.2833,331.3298,332.3245,15.0319
927.1223,0.2748,0.7876,-0.2829,331.3664,332.3288,15.0813
927.1334,0.273,0.7887,-0.282,331.3826,332.231,15.0719
927.1445,0.2716,0.7896,-0.2813,331.4074,332.1573,15.1339
927.1556,0.2695,0.7905,-0.2804,331.4527,332.0439,15.2648
927.1667,0.267,0.7917,-0.2788,331.5424,331.7643,15.4506
927.1778,0.2644,0.7932,-0.2774,331.6325,331.5373,15.5795
927.1889,0.2613,0.7944,-0.2755,331.7561,331.2799,15.6893
927.2,0.2579,0.7957,-0.2732,331.8541,331.0821,15.7163
927.2111,0.2542,0.7969,-0.2709,331.9328,331.0394,15.6879
927.2222,0.2505,0.7981,-0.2684,331.9964,331.0387,15.7052
927.2333,0.2461,0.7993,-0.2653,332.0936,331.295,15.7043
927.2444,0.2421,0.8006,-0.2622,332.2496,331.4559,15.7171
927.2556,0.23800000000000002,0.8021,-0.259,332.4619,331.7699,15.6279
927.2667,0.2338,0.8033,-0.2554,332.7252,332.1812,15.3813
927.2778,0.2296,0.8045,-0.2516,333.0486,332.7106,15.0038
927.2889,0.2252,0.8057,-0.2476,333.3751,333.412,14.4219
927.3,0.2209,0.8068,-0.2436,333.7085,334.1117,13.8457
927.3112,0.2165,0.8077,-0.2391,334.1123,335.0184,13.2343
927.3223,0.212,0.8087,-0.2347,334.5561,335.8536,12.9325
927.3334,0.2076,0.8097,-0.2303,335.0479,336.5091,13.0296
927.3445,0.2034,0.8107,-0.226,335.5617,337.0426,13.262
927.3556,0.1994,0.8117,-0.2211,336.1925,337.3069,13.9118
927.3667,0.1955,0.8129,-0.2164,336.8651,337.3444,14.6887
927.3778,0.192,0.8140000000000001,-0.2117,337.5626,337.1963,15.4992
927.3889,0.1884,0.8148,-0.2069,338.1942,337.0689,16.2068
927.4,0.1856,0.816,-0.2019,338.8506,336.649,17.1641
927.4111,0.183,0.8169,-0.1967,339.3404,336.1313,18.0544
927.4222,0.1807,0.8173,-0.1913,339.6526,335.6033,18.7376
927.4333,0.1784,0.8179,-0.1859,339.8622,335.1443,19.1995
927.4445,0.17600000000000002,0.8189,-0.1806,340.1667,334.8729,19.5451
927.4556,0.1738,0.8196,-0.1748,340.3577,334.9265,19.427
927.4667,0.1713,0.8206,-0.1692,340.5557,335.2445,19.1947
927.4778,0.16899999999999998,0.8213,-0.1633,340.7052,335.5935,19.0925
927.4889,0.1673,0.8223,-0.1574,340.829,335.805,19.0548
927.5,0.1655,0.823,-0.1514,341.0019,335.8561,19.1697
927.5111,0.1637,0.8237,-0.1452,341.1059,335.7432,19.616
927.5222,0.1623,0.8244,-0.1394,341.1404,335.5255,20.2084
927.5334,0.1608,0.8246,-0.1335,341.1809,335.1888,20.7491
927.5445,0.1594,0.825,-0.1275,341.2647,334.8781,21.1465
927.5556,0.1583,0.8252,-0.1214,341.3707,334.35900000000004,21.3776
927.5667,0.157,0.8256,-0.1154,341.4721,333.9794,21.5792
927.5778,0.1557,0.8256,-0.1096,341.4823,333.5258,21.7973
927.5889,0.1542,0.8253,-0.1039,341.3684,333.1251,22.1906
927.6,0.1527,0.8251,-0.0981,341.2747,332.76199999999994,22.5337
927.6111,0.151,0.8246,-0.0924,341.0359,332.42400000000004,22.8726
927.6223,0.1493,0.8242,-0.0868,340.7106,332.0619,23.1729
927.6334,0.1476,0.8234,-0.0815,340.309,331.7321,23.1232
927.6445,0.1459,0.8228,-0.0761,339.8993,331.417,23.0274
927.6556,0.14400000000000002,0.8219,-0.0712,339.2056,331.1451,22.621
927.6667,0.1424,0.8211,-0.0662,338.6615,330.8324,22.4404
927.6778,0.1403,0.8201,-0.0616,337.944,330.5371,22.1383
927.6889,0.1384,0.8194,-0.0573,337.1826,330.2399,21.8705
927.7,0.1363,0.8183,-0.0531,336.5151,329.8657,21.8472
927.7111,0.1341,0.8176,-0.0489,335.9356,329.4787,21.8874
927.7222,0.1316,0.8174,-0.0452,335.6149,329.02,22.1725
927.7333,0.1291,0.8170000000000001,-0.0414,335.2832,328.6089,22.2758
927.7444,0.1263,0.8169,-0.0378,335.0433,328.2279,22.1485
927.7556,0.1235,0.8166,-0.0342,334.7,327.8888,21.8931
927.7667,0.1208,0.8163,-0.031,334.3087,327.6117,21.3671
927.7778,0.1175,0.8159,-0.0283,333.9073,327.2951,21.303
927.7889,0.1139,0.8156,-0.0256,333.5218,326.9237,21.9228
927.8,0.1105,0.8158,-0.0233,333.2553,326.2368,23.3503
927.8112,0.1073,0.8158,-0.0203,332.9516,325.4753,24.0766
927.8223,0.1048,0.8159,-0.0171,332.5633,324.6446,24.2038
927.8334,0.102,0.8161,-0.013999999999999999,332.1963,323.8609,24.3606
927.8445,0.0993,0.8163,-0.0112,331.7646,322.9941,24.4802
927.8556,0.0964,0.8163,-0.0081,331.2953,322.1754,24.6996
927.8667,0.0934,0.8163,-0.0054,330.8079,321.4513,24.8365
927.8778,0.0905,0.8164,-0.0025,330.3553,320.7946,24.9228
927.8889,0.0875,0.8163,0.0,329.8206,320.3729,24.8719
927.9,0.0846,0.8161,0.0024,329.2692,320.08,24.8524
927.9111,0.0816,0.816,0.005,328.7561,319.7318,24.9297
927.9222,0.0788,0.8159,0.0071,328.2114,319.5902,25.2455
927.9333,0.076,0.8156,0.0091,327.7589,319.2888,25.5664
927.9445,0.0732,0.8156,0.0115,327.4493,319.1277,25.7166
927.9556,0.0708,0.816,0.0137,327.1595,318.9904,25.5688
927.9667,0.0682,0.8157,0.0159,326.8005,318.8287,25.4222
927.9778,0.0656,0.8155,0.0183,326.4391,318.6745,25.4289
927.9889,0.0629,0.8152,0.0204,326.0737,318.5245,25.4686
928.0,0.0603,0.8149,0.0224,325.7184,318.3629,25.6342
928.0111,0.0579,0.8146,0.0246,325.42,318.1405,25.9187
928.0222,0.0557,0.8147,0.0265,325.2054,317.8952,26.1506
928.0334,0.0535,0.8145,0.0284,324.9734,317.7094,26.3069
928.0445,0.0513,0.8144,0.0302,324.7072,317.6418,26.3929
928.0556,0.0491,0.8141,0.0318,324.3916,317.7701,26.3532
928.0667,0.0467,0.8138,0.0332,324.0845,317.9831,26.2744
928.0778,0.0446,0.8134,0.0348,323.8002,318.0979,26.2093
928.0889,0.0427,0.8131,0.0364,323.6031,318.2173,26.1032
928.1,0.0408,0.8129,0.0377,323.5665,318.235,26.1611
928.1111,0.039,0.8127,0.039,323.6105,318.11,26.5803
928.1223,0.0374,0.8127,0.0401,323.6805,317.8763,27.099
928.1334,0.0358,0.8123,0.0414,323.7021,317.6722,27.4286
928.1445,0.0346,0.8116,0.0428,323.6995,317.358,27.5212
928.1556,0.0331,0.8109999999999999,0.0441,323.6951,317.135,27.5779
928.1667,0.0322,0.8101,0.0454,323.7697,316.8735,27.5563
928.1778,0.0313,0.8095,0.0466,323.9427,316.4769,27.7851
928.1889,0.0304,0.8091,0.0477,324.1432,315.9915,28.4834
928.2,0.0292,0.8085,0.0489,324.2743,315.5998,29.0632
928.2111,0.0283,0.8077,0.05,324.3429,315.3328,29.5145
928.2222,0.0272,0.8069,0.051,324.3496,315.2735,29.7198
928.2333,0.0259,0.8061,0.0518,324.3571,315.4018,29.7884
928.2444,0.0249,0.8054,0.0524,324.4444,315.5969,29.6846
928.2556,0.0241,0.8051,0.0529,324.677,315.7987,29.2298
928.2667,0.0232,0.8048,0.0536,324.9213,315.8845,28.8374
928.2778,0.0224,0.8047,0.0546,325.1706,315.9236,28.4211
928.2889,0.0214,0.8045,0.0551,325.2893,315.9217,28.2809
928.3,0.0205,0.8042,0.0556,325.3289,315.9775,28.1768
928.3112,0.0197,0.8041,0.055999999999999994,325.2018,316.0537,28.1889
928.3223,0.0189,0.8043,0.0562,324.98,316.1537,28.0994
928.3334,0.0183,0.8048,0.0562,324.6708,316.3135,27.747
928.3445,0.0181,0.8057,0.0561,324.2022,316.5338,27.1091
928.3556,0.0174,0.8063,0.0561,323.7368,316.7226,26.5498
928.3667,0.0167,0.8076,0.0558,323.024,316.9767,26.0144
928.3778,0.0161,0.8087,0.0555,322.4705,317.2295,25.5422
928.3889,0.016,0.8106,0.055,321.7972,317.6417,24.7531
928.4,0.0155,0.812,0.0547,321.1734,318.0682,23.8604
928.4111,0.015,0.8139,0.0542,320.52299999999997,318.6001,22.7263
928.4222,0.0148,0.8158,0.0537,319.9163,318.906,22.0068
928.4333,0.0146,0.8173,0.0533,319.3138,319.1339,21.4383
928.4445,0.0146,0.8173,0.0533,319.3138,319.1339,21.4383
928.4556,0.0138,0.8206,0.0531,318.1004,319.2547,20.8852
928.4667,0.0136,0.8220000000000001,0.053,317.4274,319.2491,20.9134
928.4778,0.0136,0.8220000000000001,0.053,317.4274,319.2491,20.9134
928.4889,0.0132,0.8233,0.0528,316.7498,319.3178,21.0119
928.5,0.0121,0.8254,0.0525,315.5699,320.2594,20.3065
928.5111,0.0121,0.8254,0.0525,315.5699,320.2594,20.3065
928.5222,0.0117,0.8264,0.0527,315.1707,320.9387,19.6956
928.5334,0.0111,0.8272,0.0527,314.8622,321.4741,19.2288
928.5445,0.0109,0.8282,0.0528,314.8705,321.9566,18.9683
928.5556,0.0105,0.8292,0.0532,314.9579,322.3288,18.8598
928.5667,0.0101,0.8298,0.0535,315.0267,322.7312,18.6214
928.5778,0.0099,0.83,0.054000000000000006,315.0622,323.1281,18.2463
928.5889,0.0097,0.8302,0.0548,315.13,323.4062,18.0834
928.6,0.0092,0.8303,0.0552,315.185,323.6335,18.0766
928.6111,0.0089,0.8302,0.0556,315.2842,323.7465,18.2167
928.6223,0.0088,0.8299,0.055999999999999994,315.3223,323.8399,18.1557
928.6334,0.0084,0.8296,0.0565,315.3563,323.939,18.0427
928.6445,0.0082,0.8292,0.057,315.4154,323.8245,18.2834
928.6556,0.008,0.8287,0.0572,315.488,323.5637,18.935
928.6667,0.0074,0.8281,0.0576,315.4988,323.3613,19.4513
928.6778,0.0071,0.8275,0.0579,315.4937,323.2843,19.7084
928.6889,0.0068,0.8268,0.0582,315.5104,323.191,20.0407
928.7,0.0066,0.8262,0.0585,315.5483,323.0332,20.61
928.7111,0.0059,0.8257,0.0587,315.5613,322.9352,21.1534
928.7222,0.0055,0.8251,0.0591,315.5793,322.8831,21.4597
928.7333,0.0051,0.8245,0.0595,315.6333,322.7567,21.6472
928.7444,0.005,0.8241,0.06,315.8094,322.4935,22.0027
928.7556,0.0048,0.8239,0.0602,316.0089,322.2451,22.4889
928.7667,0.0046,0.8237,0.0605,316.2523,321.9879,23.1809
928.7778,0.0043,0.8231,0.0607,316.3277,321.8737,23.7185
928.7889,0.0039,0.8223,0.0609,316.2535,322.0558,23.6646
928.8,0.0038,0.8216,0.061,316.1757,322.1238,23.6477
928.8112,0.0034,0.8205,0.0607,315.9399,322.1906,23.8696
928.8223,0.0033,0.8198,0.061,315.7263,322.1823,24.0328
928.8334,0.003,0.8191,0.0611,315.5604,321.9873,24.184
928.8445,0.0034,0.8183,0.0615,314.6743,321.3714,24.205
928.8556,0.0032,0.8187,0.0612,315.3799,321.0539,25.3603
928.8667,0.0028,0.8187,0.0611,315.3516,320.6843,26.328000000000003
928.8778,0.003,0.818,0.0608,315.0761,320.3716,26.9159
928.8889,0.0023,0.8176,0.0619,314.9628,320.277,27.3327
928.9,0.0024,0.8173,0.0609,314.7868,320.4815,27.3476
928.9111,0.0019,0.8170000000000001,0.0622,314.7072,321.0029,26.4296
928.9222,0.0022,0.8173,0.0614,314.6737,321.2792,25.9096
928.9333,0.0021,0.8173,0.0619,314.765,321.5229,25.3527
928.9445,0.0021,0.8175,0.0618,314.8223,321.6664,25.1463
928.9556,0.0021,0.8175,0.0619,314.8333,321.7364,25.226
928.9667,0.002,0.8174,0.0618,314.7679,321.8296,25.2395
928.9778,0.002,0.8174,0.0619,314.6445,321.8825,25.3298
928.9889,0.0023,0.8172,0.0618,314.4933,321.9016,25.385
929.0,0.0025,0.8170000000000001,0.0617,314.3806,321.944,25.3552
929.0111,0.003,0.8170000000000001,0.0615,314.3255,321.9286,25.3627
929.0222,0.0037,0.8171,0.0613,314.3041,321.8992,25.4062
929.0334,0.0043,0.8172,0.061,314.3301,321.7432,25.5585
929.0445,0.005,0.8173,0.0607,314.3198,321.5828,25.7705
929.0556,0.0056,0.8172,0.0605,314.2763,321.4644,25.9753
929.0667,0.0066,0.8172,0.0602,314.129,321.4625,26.1782
929.0778,0.0073,0.8173,0.0598,313.9822,321.5402,26.2234
929.0889,0.0084,0.8174,0.0593,313.7999,321.7713,26.0455
929.1,0.0095,0.8175,0.0589,313.6561,322.0011,25.8193
929.1111,0.0108,0.8176,0.0585,313.5469,322.3621,25.4238
929.1223,0.0122,0.8179,0.057999999999999996,313.4922,322.6389,25.2136
929.1334,0.0138,0.8181,0.0577,313.4286,322.8041,25.1825
929.1445,0.0154,0.818,0.0572,313.296,322.9472,25.2473
929.1556,0.017,0.818,0.0568,313.1659,323.0839,25.304000000000002
929.1667,0.0189,0.818,0.0564,313.0469,323.1215,25.517
929.1778,0.0208,0.8182,0.0559,312.9565,323.1023,25.811
929.1889,0.0224,0.8181,0.0554,312.882,323.0813,26.1737
929.2,0.0245,0.8181,0.055,312.8011,323.0154,26.5907
929.2111,0.0264,0.8183,0.0545,312.7412,323.0402,26.811999999999998
929.2222,0.0285,0.8183,0.0538,312.6661,323.1916,26.8675
929.2333,0.0307,0.8182,0.0532,312.6008,323.5609,26.593000000000004
929.2444,0.0328,0.8184,0.0526,312.5607,323.9565,26.4075
929.2556,0.0351,0.8183,0.0521,312.4901,324.2636,26.436
929.2667,0.0375,0.8181,0.0514,312.3754,324.5459,26.4691
929.2778,0.0399,0.8181,0.0508,312.2388,324.8253,26.5043
929.2889,0.0425,0.818,0.0502,312.1072,325.0374,26.7982
929.3,0.0449,0.8178,0.0495,311.9408,325.2641,27.1799
929.3112,0.0477,0.8175,0.0489,311.7856,325.5123,27.4157
929.3223,0.0505,0.8174,0.0483,311.7018,325.8197,27.6272
929.3334,0.0531,0.8172,0.0476,311.6446,326.202,27.738000000000003
929.3445,0.0559,0.8171,0.047,311.6246,326.6747,27.6146
929.3556,0.0589,0.8168,0.0465,311.5907,327.1364,27.383000000000003
929.3667,0.062,0.8166,0.0459,311.5875,327.5818,27.2579
929.3778,0.0649,0.8164,0.0455,311.5895,328.0227,27.2244
929.3889,0.068,0.8162,0.045,311.6326,328.4745,27.3522
929.4,0.071,0.816,0.0444,311.6355,328.92,27.4805
929.4111,0.0742,0.8158,0.0439,311.6108,329.3724,27.7458
929.4222,0.0774,0.8154,0.0433,311.5702,329.8707,27.8427
929.4333,0.0807,0.8152,0.0428,311.5269,330.4877,27.6245
929.4445,0.0841,0.8149,0.0421,311.4879,331.1257,27.363000000000003
929.4556,0.0875,0.8148,0.0415,311.5031,331.8347,27.0757
929.4667,0.0907,0.8146,0.0409,311.478,332.407,27.264
929.4778,0.094,0.8143,0.0403,311.4422,332.9319,27.513
929.4889,0.0974,0.8141,0.0398,311.3574,333.4135,27.8377
929.5,0.1009,0.8139,0.0393,311.296,333.9048,28.0678
929.5111,0.1042,0.8136,0.0385,311.2661,334.4716,28.1208
929.5222,0.1075,0.8134,0.0379,311.2946,335.1763,27.8154
929.5334,0.1108,0.8132,0.0372,311.3964,335.9246,27.3444
929.5445,0.1139,0.8131,0.0366,311.5038,336.653,27.0099
929.5556,0.11699999999999999,0.8129,0.0359,311.681,337.3157,26.7723
929.5667,0.1203,0.8125,0.0352,311.7848,337.9074,26.7756
929.5778,0.1234,0.8122,0.0345,311.7501,338.4551,26.8837
929.5889,0.1264,0.8118,0.0337,311.6484,338.925,27.2226
929.6,0.1292,0.8114,0.033,311.5824,339.3716,27.5958
929.6111,0.1321,0.8111,0.0321,311.4918,339.7635,28.0268
929.6223,0.1349,0.8108,0.0313,311.498,340.2218,28.1536
929.6334,0.1373,0.8107,0.0304,311.5367,340.8562,27.8917
929.6445,0.1399,0.8104,0.0294,311.5508,341.5119,27.6697
929.6556,0.1421,0.81,0.0285,311.6007,342.1429,27.4336
929.6667,0.1446,0.8098,0.0277,311.683,342.5863,27.3107
929.6778,0.147,0.8096,0.0267,311.6953,343.0029,27.3951
929.6889,0.1492,0.8094,0.0258,311.6355,343.3413,27.7005
929.7,0.1514,0.8091,0.0249,311.5756,343.7891,27.8642
929.7111,0.1531,0.8087,0.0238,311.4852,344.3168,28.0035
929.7222,0.1548,0.8083,0.0228,311.4576,344.8468,27.9664
929.7333,0.1566,0.8079999999999999,0.022000000000000002,311.4979,345.3275,27.7044
929.7444,0.1582,0.8075,0.0212,311.5158,345.7355,27.3936
929.7556,0.1595,0.807,0.0204,311.5034,346.0811,27.1814
929.7667,0.1609,0.8066,0.0195,311.5329,346.2569,27.0963
929.7778,0.1622,0.8064,0.0186,311.6082,346.1956,27.3249
929.7889,0.1632,0.8061,0.0179,311.6484,346.0736,27.6766
929.8,0.1642,0.8058,0.0172,311.6574,346.1344,27.8621
929.8112,0.1649,0.8055,0.0162,311.621,346.2049,27.9394
929.8223,0.1653,0.8051,0.0155,311.6338,346.2396,27.9653
929.8334,0.1659,0.8049,0.0149,311.7103,346.2328,27.8783
929.8445,0.1664,0.8048,0.0143,311.8138,346.1404,27.8431
929.8556,0.1667,0.8048,0.0138,311.9348,345.9981,28.0308
929.8667,0.1669,0.805,0.0135,312.0432,345.9029,28.2557
929.8778,0.16699999999999998,0.8051,0.0132,312.1022,345.8289,28.3357
929.8889,0.1671,0.805,0.0128,312.1516,345.7528,28.3819
929.9,0.1671,0.8051,0.0126,312.1618,345.6885,28.4211
929.9111,0.1672,0.8052,0.0124,312.1375,345.6658,28.4373
929.9222,0.16699999999999998,0.8052,0.0122,312.0026,345.8332,28.2001
929.9333,0.1671,0.8053,0.0121,311.962,346.0,27.9568
929.9445,0.1669,0.8053,0.0117,311.9339,346.2365,27.5385
929.9556,0.1669,0.8055,0.0118,311.9755,346.4937,27.1046
929.9667,0.1669,0.8055,0.0116,312.0713,346.6541,26.636999999999997
929.9778,0.1669,0.8058,0.0117,312.2281,346.7889,26.319000000000003
929.9889,0.1668,0.8059,0.0119,312.4055,346.9218,26.1121
930.0,0.16699999999999998,0.8058,0.0115,312.5049,347.0769,25.976
930.0111,0.16699999999999998,0.8057,0.0123,312.5776,347.2177,25.8325
930.0222,0.16699999999999998,0.8058,0.0118,312.5835,347.3675,25.5897
930.0334,0.1671,0.8059999999999999,0.0123,312.6207,347.5113,25.2542
930.0445,0.1671,0.8059,0.0126,312.6483,347.6527,24.8969
930.0556,0.16699999999999998,0.8057,0.0128,312.6973,347.7662,24.6627
930.0667,0.1668,0.8058,0.0131,312.7222,347.8712,24.6124
930.0778,0.1668,0.8058,0.0129,312.7475,347.9343,24.6724
930.0889,0.1668,0.8057,0.013000000000000001,312.747,347.966,24.799
930.1,0.1671,0.8056,0.0132,312.7735,348.0328,24.6814
930.1111,0.16699999999999998,0.8054,0.0133,312.7528,348.2038,24.3095
930.1223,0.16699999999999998,0.8052,0.0133,312.7955,348.3217,23.9324
930.1334,0.1672,0.8049,0.0132,312.851,348.371,23.674
930.1445,0.1673,0.8048,0.0133,313.0596,348.2113,23.5935
930.1556,0.1676,0.8048,0.0134,313.2091,348.0745,23.4624
930.1667,0.1682,0.8046,0.0134,313.3922,347.7727,23.39
930.1778,0.1684,0.8045,0.0131,313.5404,347.5809,23.3436
930.1889,0.1681,0.8039,0.0131,313.6122,347.4072,23.2869
930.2,0.1679,0.8037,0.013000000000000001,313.6557,347.3047,23.1376
930.2111,0.1677,0.8033,0.0128,313.7487,347.2361,22.9746
930.2222,0.1676,0.8031,0.0127,313.8941,347.1295,22.7984
930.2333,0.1672,0.8032,0.0126,314.0799,346.9929,22.5626
930.2444,0.1668,0.8031,0.0123,314.2853,346.8503,22.0236
930.2556,0.1665,0.8029,0.0121,314.4319,346.6968,21.5115
930.2667,0.1659,0.8026,0.0119,314.5126,346.5789,20.7656
930.2778,0.1651,0.8023,0.0117,314.5786,346.3764,20.1515
930.2889,0.1641,0.802,0.0115,314.6462,345.9825,19.7648
930.3,0.1631,0.8018,0.0115,314.7203,345.5385,19.4023
930.3112,0.1619,0.8015,0.0114,314.7739,344.8257,19.1844
930.3223,0.1602,0.8011,0.0116,314.8468,344.0059,19.1123
930.3334,0.1582,0.8008,0.012,314.9532,343.1137,19.0401
930.3445,0.1564,0.8006,0.0122,315.1622,342.0423,18.9582
930.3556,0.1543,0.8003,0.0132,315.4713,340.7815,18.8785
930.3667,0.1523,0.8002,0.0142,315.7968,339.4807,18.8393
930.3778,0.1499,0.8003,0.0153,316.295,337.8586,19.167
930.3889,0.1466,0.8001,0.0166,316.8354,336.3996,19.6643
930.4,0.1435,0.8001,0.0177,317.3208,335.0205,20.2663
930.4111,0.1393,0.8001,0.0193,317.8575,333.5125,21.4294
930.4222,0.1354,0.7996,0.0209,318.3116,332.1764,22.0031
930.4333,0.1312,0.7995,0.0227,318.7227,330.9909,22.3183
930.4445,0.1271,0.7994,0.0241,319.1322,329.8302,22.5124
930.4556,0.1225,0.7993,0.0261,319.5247,328.8378,22.4139
930.4667,0.1178,0.7989,0.0284,319.8683,328.0304,21.9925
930.4778,0.1131,0.7987,0.0304,320.284,327.1355,21.7862
930.4889,0.1084,0.7988,0.0326,320.8015,326.2499,21.6986
930.5,0.1084,0.7988,0.0326,320.8015,326.2499,21.6986
930.5111,0.0987,0.7987,0.0374,321.8634,324.0286,22.1867
930.5222,0.094,0.7987,0.0398,322.2749,322.8879,22.3655
930.5334,0.08900000000000001,0.7987,0.0423,322.6303,321.7069,22.6455
930.5445,0.0841,0.7988,0.0446,323.0139,320.5145,23.1027
930.5556,0.0792,0.799,0.047,323.3939,319.3512,23.5531
930.5667,0.0792,0.799,0.047,323.3939,319.3512,23.5531
930.5778,0.0743,0.7992,0.0496,323.6152,318.2223,23.9089
930.5889,0.0696,0.7994,0.052000000000000005,323.8657,317.2126,24.04
930.6,0.0644,0.7995,0.0544,324.0485,316.4169,24.0337
930.6111,0.0596,0.7997,0.0568,324.1801,315.8501,23.8541
930.6223,0.0547,0.8001,0.0591,324.3206,315.3827,23.6112
930.6334,0.05,0.8007,0.0614,324.4781,315.0138,23.3207
930.6445,0.0454,0.8011,0.0637,324.6202,314.5959,22.9436
930.6556,0.0413,0.8018,0.0666,324.7064,314.3024,22.1731
930.6667,0.037000000000000005,0.8024,0.0691,324.7696,313.9737,21.4379
930.6778,0.0328,0.8027,0.0715,324.8019,313.6441,20.968000000000004
930.6889,0.0284,0.8031,0.07400000000000001,324.8286,313.3059,20.6491
930.7,0.0242,0.8037,0.0761,324.8229,312.9889,20.5287
930.7111,0.0201,0.8041,0.0782,324.85,312.5956,20.534000000000002
930.7222,0.0164,0.8048,0.0803,324.8991,312.0447,20.6217
930.7333,0.0124,0.8054,0.0825,324.9329,311.5277,20.5692
930.7444,0.0089,0.8057,0.0846,324.8348,311.0803,20.3363
930.7556,0.0052,0.8058,0.0865,324.7602,310.73,20.0512
930.7667,0.0016,0.8059,0.0881,324.639,310.5181,19.6726
930.7778,-0.0017,0.8059,0.0898,324.5568,310.3459,19.3315
930.7889,-0.0052,0.8059,0.0918,324.5296,310.11400000000003,19.0776
930.8,-0.0083,0.8061,0.0932,324.6244,309.8778,19.2765
930.8112,-0.0116,0.8064,0.0946,324.6909,309.6096,19.5062
930.8223,-0.0147,0.8067,0.0959,324.7789,309.3958,19.7014
930.8334,-0.0178,0.8069,0.0971,324.8155,309.1849,19.5857
930.8445,-0.0206,0.8068,0.0983,324.8406,308.9907,19.262999999999998
930.8556,-0.0235,0.8069,0.0995,324.8148,308.7441,19.1246
930.8667,-0.0267,0.8068,0.1005,324.7061,308.5854,18.9485
930.8778,-0.0298,0.8064,0.1014,324.5635,308.6289,18.5123
930.8889,-0.0336,0.8059999999999999,0.1016,324.4737,308.9218,18.6843
930.9,-0.0371,0.8059,0.1017,324.524,309.2204,18.9191
930.9111,-0.0405,0.8059,0.1017,324.756,309.741,18.8113
930.9222,-0.0435,0.8059999999999999,0.1019,325.1407,310.1377,18.4131
930.9333,-0.0464,0.8063,0.1025,325.5937,310.2939,17.8267
930.9445,-0.0489,0.8064,0.1034,325.9973,310.2134,17.3111
930.9556,-0.0517,0.8065,0.1043,326.2906,309.9806,17.0543
930.9667,-0.0546,0.8066,0.105,326.4979,309.7745,16.9377
930.9778,-0.0572,0.8064,0.1059,326.4954,309.4371,16.9068
930.9889,-0.0596,0.8062,0.1067,326.3083,309.1298,16.7172
931.0,-0.0623,0.8059999999999999,0.1075,326.1202,308.9016,16.5224
931.0111,-0.0648,0.8055,0.1081,325.6153,308.6891,16.7462
931.0222,-0.0669,0.8054,0.1083,325.233,308.4716,17.115
931.0334,-0.0693,0.8048,0.1089,324.7465,308.2286,17.7379
931.0445,-0.0718,0.8044,0.1097,324.2893,307.9645,18.302
931.0556,-0.0739,0.804,0.1103,323.9324,307.7492,18.7292
931.0667,-0.0761,0.8038,0.1109,323.6971,307.6509,19.2177
931.0778,-0.078,0.8036,0.1114,323.573,307.7818,19.3837
931.0889,-0.0799,0.8032,0.1117,323.4953,308.1889,18.8637
931.1,-0.0818,0.8029,0.1122,323.403,308.5923,18.1475
931.1111,-0.083,0.8022,0.1131,323.3617,309.0869,17.0425
931.1223,-0.0844,0.8018,0.1139,323.3591,309.2803,16.5048
931.1334,-0.0858,0.8015,0.1149,323.3477,309.1491,16.7699
931.1445,-0.0871,0.8009999999999999,0.1161,323.256,308.945,17.5238
931.1556,-0.0887,0.8002,0.1169,323.1321,308.8448,18.414
931.1667,-0.0903,0.7996,0.1174,322.9603,309.0251,18.9216
931.1778,-0.0915,0.7989,0.1179,322.7481,309.3876,18.7752
931.1889,-0.0924,0.7984,0.1185,322.5516,309.6888,18.4517
931.2,-0.0934,0.7978,0.1192,322.4081,309.9666,17.9958
931.2111,-0.0941,0.7973,0.1199,322.3443,310.187,17.4703
931.2222,-0.0948,0.7968,0.1208,322.2772,310.3301,17.2036
931.2333,-0.0957,0.7962,0.1216,322.20799999999997,310.4411,17.0773
931.2444,-0.0965,0.7956,0.1223,322.1242,310.5073,17.326
931.2556,-0.0973,0.7951,0.12300000000000001,322.0383,310.6122,17.6169
931.2667,-0.0982,0.7946,0.1233,321.9574,310.8321,18.1811
931.2778,-0.099,0.794,0.1238,321.8313,311.08799999999997,18.3573
931.2889,-0.0996,0.7933,0.1244,321.6861,311.4072,18.2198
931.3,-0.1003,0.7927,0.125,321.5792,311.67900000000003,18.038
931.3112,-0.1008,0.7921,0.1256,321.5115,311.9966,17.6378
931.3223,-0.1012,0.7916,0.1261,321.4699,312.2657,17.3222
931.3334,-0.1017,0.7912,0.1266,321.4532,312.4568,17.1527
931.3445,-0.102,0.7905,0.127,321.3695,312.6756,17.0949
931.3556,-0.1025,0.7898,0.1275,321.2066,312.8871,17.1457
931.3667,-0.1029,0.7892,0.1279,320.9931,313.0683,17.4038
931.3778,-0.1033,0.7885,0.1284,320.7927,313.2807,17.6375
931.3889,-0.1032,0.7879,0.1288,320.4575,313.41,17.9583
931.4,-0.1034,0.7874,0.1293,320.2162,313.4778,18.1808
931.4111,-0.1035,0.7868,0.1298,319.9799,313.4889,18.5238
931.4222,-0.1032,0.7862,0.1294,319.6123,313.5402,19.3088
931.4333,-0.1033,0.785,0.1296,318.6534,313.8293,19.3188
931.4445,-0.1035,0.7841,0.129,318.4898,314.2498,19.6053
931.4556,-0.1033,0.7836,0.129,318.0178,314.4166,19.7476
931.4667,-0.10300000000000001,0.7831,0.129,317.7762,314.39599999999996,19.8242
931.4778,-0.1028,0.7823,0.1299,317.616,314.1044,20.1653
931.4889,-0.1023,0.7822,0.1298,317.3619,313.6888,20.7715
931.5,-0.102,0.7823,0.1298,317.4055,313.3186,21.261999999999997
931.5111,-0.1014,0.7822,0.1299,317.4383,313.3239,21.1092
931.5222,-0.10099999999999999,0.7824,0.1299,317.5418,313.6553,20.6833
931.5334,-0.1007,0.7825,0.13,317.6469,314.0594,20.2647
931.5445,-0.0998,0.7825,0.1296,317.7558,314.6981,19.449
931.5556,-0.0989,0.7827,0.1294,317.806,315.2302,18.7853
931.5667,-0.0978,0.7828,0.1292,317.7549,315.5418,18.4628
931.5778,-0.09699999999999999,0.7829,0.1291,317.677,315.7504,18.2743
931.5889,-0.0956,0.7829999999999999,0.1286,317.4506,315.7511,18.4125
931.6,-0.0944,0.7831,0.1282,317.3015,315.8651,18.3635
931.6111,-0.09300000000000001,0.7832,0.1276,317.10400000000004,315.937,18.3098
931.6223,-0.0913,0.7835,0.127,316.8711,316.012,18.3133
931.6334,-0.0898,0.7836,0.1264,316.6787,316.0765,18.4147
931.6445,-0.08800000000000001,0.7837,0.1255,316.5073,316.0523,18.667
931.6556,-0.0861,0.7838,0.1247,316.4068,315.9507,18.9458
931.6667,-0.0843,0.7841,0.1239,316.3455,315.8998,19.1893
931.6778,-0.0823,0.7844,0.12300000000000001,316.3872,315.7591,19.587
931.6889,-0.0802,0.7846,0.1221,316.4247,315.6257,19.9364
931.7,-0.0782,0.785,0.1211,316.4449,315.548,20.1968
931.7111,-0.076,0.7852,0.1202,316.45099999999996,315.4595,20.4298
931.7222,-0.0736,0.7852,0.1189,316.4475,315.4577,20.5924
931.7333,-0.0712,0.7854,0.1178,316.4865,315.5048,20.741
931.7444,-0.0688,0.7856,0.1165,316.5544,315.5498,20.8502
931.7556,-0.0664,0.7857,0.115,316.6715,315.716,20.824
931.7667,-0.064,0.7858,0.1136,316.6652,315.92900000000003,20.6536
931.7778,-0.0616,0.7859,0.1125,316.6419,316.1312,20.5466
931.7889,-0.0592,0.7859,0.1111,316.5859,316.3048,20.6156
931.8,-0.0567,0.7859,0.1097,316.5266,316.407,20.7976
931.8112,-0.0544,0.7859,0.1083,316.3712,316.4716,21.2001
931.8223,-0.0519,0.7859,0.1068,316.2953,316.6046,21.4367
931.8334,-0.0498,0.7862,0.1052,316.2625,316.82599999999996,21.4567
931.8445,-0.0473,0.7859999999999999,0.1037,316.2717,317.1244,21.2556
931.8556,-0.0448,0.7861,0.102,316.3463,317.4459,21.0748
931.8667,-0.0424,0.7859,0.1003,316.4149,317.7357,20.9466
931.8778,-0.04,0.7858,0.0987,316.5276,318.0166,20.8233
931.8889,-0.0376,0.7855,0.0969,316.6528,318.1713,20.9484
931.9,-0.0349,0.7852,0.0952,316.6909,318.332,21.0208
931.9111,-0.0324,0.7849,0.0935,316.7224,318.4605,21.1822
931.9222,-0.03,0.7842,0.0916,316.6192,318.6607,21.2658
931.9333,-0.0276,0.7837,0.0897,316.5583,318.9768,21.1641
931.9445,-0.0251,0.7832,0.0878,316.5168,319.3543,21.0212
931.9556,-0.0227,0.7823,0.0856,316.5488,319.893,20.7812
931.9667,-0.0202,0.7816,0.0836,316.6305,320.3205,20.6422
931.9778,-0.0176,0.7809,0.0816,316.9003,320.6849,20.453
931.9889,-0.015,0.7803,0.0797,317.1156,320.9231,20.4136
932.0,-0.0124,0.7796,0.0777,317.4335,320.9727,20.7031
932.0111,-0.0097,0.7789,0.0758,317.6993,321.0225,21.0269
932.0222,-0.0071,0.7781,0.0737,317.9839,320.8975,21.6327
932.0334,-0.0046,0.7776,0.0716,318.1884,320.9499,21.9643
932.0445,-0.0019,0.7769,0.0696,318.3416,320.9904,22.2463
932.0556,0.0008,0.7759999999999999,0.0676,318.466,321.0243,22.4456
932.0667,0.0034,0.7755,0.0657,318.5477,321.1454,22.5755
932.0778,0.0062,0.7748,0.0634,318.5926,321.4221,22.6855
932.0889,0.0089,0.7742,0.0612,318.6475,321.8115,22.7639
932.1,0.0114,0.7734,0.0588,318.6658,322.5014,22.5685
932.1111,0.0138,0.7726,0.0566,318.70599999999996,323.3181,22.1474
932.1223,0.0166,0.7721,0.0542,318.7733,324.0145,21.7618
932.1334,0.0193,0.7716,0.052000000000000005,318.9475,324.6721,21.3998
932.1445,0.022000000000000002,0.7711,0.0499,319.1905,325.1646,21.2279
932.1556,0.0248,0.7707,0.0476,319.4432,325.4883,21.2094
932.1667,0.0277,0.7704,0.0453,319.6949,325.7318,21.3806
932.1778,0.0304,0.7702,0.0427,319.8945,325.9732,21.6765
932.1889,0.0329,0.7697,0.0403,320.0422,326.3071,21.8054
932.2,0.0353,0.7693,0.0377,320.0241,326.7844,21.7965
932.2111,0.0377,0.7688,0.0349,319.8641,327.4078,21.5968
932.2222,0.0397,0.7679,0.0321,319.6322,328.1895,21.174
932.2333,0.042,0.7675,0.0295,319.4455,328.9134,20.8572
932.2444,0.0442,0.7671,0.0269,319.3628,329.5203,20.6402
932.2556,0.0468,0.7672,0.0242,319.3273,330.0253,20.4719
932.2667,0.0491,0.7672,0.0217,319.3882,330.3693,20.4792
932.2778,0.0513,0.7671,0.0188,319.432,330.658,20.6029
932.2889,0.0532,0.7668,0.0162,319.4453,330.9689,20.7826
932.3,0.0554,0.7665,0.0135,319.4554,331.3493,20.8917
932.3112,0.0574,0.7664,0.0108,319.5063,331.6949,20.9915
932.3223,0.0591,0.7662,0.0081,319.5258,332.0162,21.0143
932.3334,0.0611,0.7659,0.0053,319.527,332.3717,21.0153
932.3445,0.0628,0.7659999999999999,0.0026,319.5114,332.7319,20.9766
932.3556,0.0645,0.7658,-0.0001,319.4768,333.0783,20.9134
932.3667,0.0661,0.7661,-0.0028,319.3727,333.4087,20.8054
932.3778,0.0679,0.7662,-0.0056,319.2411,333.7101,20.7947
932.3889,0.0696,0.7664,-0.0085,319.0867,334.0788,20.7542
932.4,0.0713,0.7665,-0.0112,318.9425,334.53,20.5954
932.4111,0.0726,0.7666,-0.0137,318.8038,335.0954,20.2633
932.4222,0.0743,0.767,-0.0164,318.7144,335.5777,19.9997
932.4333,0.0758,0.7675,-0.019,318.7451,335.9086,19.9165
932.4445,0.0776,0.7681,-0.0216,318.8379,336.0844,20.0115
932.4556,0.0793,0.7685,-0.0242,318.8694,336.2412,20.0934
932.4667,0.0813,0.7687,-0.0266,318.8368,336.2974,20.3296
932.4778,0.083,0.769,-0.0291,318.7261,336.4233,20.5631
932.4889,0.0844,0.769,-0.0315,318.5893,336.6172,20.726
932.5,0.0861,0.7691,-0.0339,318.4916,336.8421,20.851999999999997
932.5111,0.0861,0.7691,-0.0339,318.4916,336.8421,20.851999999999997
932.5222,0.0894,0.7698,-0.0385,318.4805,337.4386,20.9887
932.5334,0.0908,0.7705,-0.0409,318.536,337.7649,21.0022
932.5445,0.0923,0.7709999999999999,-0.0433,318.5914,338.1368,20.9019
932.5556,0.0923,0.7709999999999999,-0.0433,318.5914,338.1368,20.9019
932.5667,0.0949,0.7716,-0.0482,318.4854,338.9078,20.4538
932.5778,0.0964,0.7717,-0.0506,318.3575,339.23800000000006,20.2319
932.5889,0.0979,0.7719,-0.0528,318.2397,339.4482,20.3219
932.6,0.0993,0.772,-0.0551,318.1227,339.6744,20.4688
932.6111,0.1006,0.7719,-0.0576,317.9738,339.9015,20.7393
932.6223,0.1017,0.7717,-0.0599,317.9481,340.1474,20.859
932.6334,0.1031,0.7718,-0.0622,317.9523,340.389,20.886999999999997
932.6445,0.1045,0.772,-0.0645,318.0672,340.5872,20.8351
932.6556,0.1059,0.7721,-0.0668,318.1595,340.7943,20.7992
932.6667,0.1059,0.7721,-0.0668,318.1595,340.7943,20.7992
932.6778,0.1071,0.7723,-0.0691,318.2668,341.1215,20.5485
932.6889,0.1085,0.7725,-0.0717,318.3081,341.4792,20.3584
932.7,0.1099,0.7727,-0.07400000000000001,318.3948,341.789,20.1881
932.7111,0.1113,0.7727,-0.0764,318.4436,342.0037,20.1898
932.7222,0.1127,0.7727,-0.0789,318.445,342.1445,20.3792
932.7333,0.1142,0.7728,-0.0812,318.4333,342.30699999999996,20.5204
932.7444,0.1155,0.7728,-0.0836,318.3026,342.3885,20.7293
932.7556,0.1169,0.7727,-0.0862,318.2352,342.4854,20.8728
932.7667,0.1184,0.7729,-0.0886,318.1932,342.4994,21.1032
932.7778,0.1197,0.7732,-0.091,318.1692,342.5382,21.3272
932.7889,0.121,0.7733,-0.0936,318.1155,342.7194,21.3444
932.8,0.1222,0.7733,-0.0962,318.0361,343.1214,20.9381
932.8112,0.1233,0.7734,-0.0989,317.9639,343.63,20.4759
932.8223,0.1244,0.7733,-0.1014,317.8859,344.1582,20.0881
932.8334,0.1258,0.7734,-0.1039,317.82599999999996,344.5511,19.9037
932.8445,0.127,0.7732,-0.1066,317.8073,344.86199999999997,19.9057
932.8556,0.1283,0.7732,-0.1094,317.8909,344.9922,20.0567
932.8667,0.1297,0.7731,-0.11199999999999999,318.0118,344.9788,20.255
932.8778,0.131,0.7729,-0.1148,318.13599999999997,345.0096,20.3664
932.8889,0.1322,0.7726,-0.1174,318.1865,345.1198,20.3506
932.9,0.1334,0.7722,-0.1201,318.2049,345.3053,20.2448
932.9111,0.1346,0.7715,-0.1228,318.1801,345.5156,20.105
932.9222,0.1358,0.7709,-0.1257,318.1906,345.6388,20.1522
932.9333,0.1373,0.7703,-0.1282,318.2562,345.6975,20.2865
932.9445,0.1386,0.7698,-0.1308,318.4365,345.6055,20.5821
932.9556,0.14,0.7692,-0.1334,318.6465,345.5739,20.9009
932.9667,0.1412,0.7685,-0.136,318.8385,345.6446,21.1982
932.9778,0.1423,0.7679,-0.1386,319.002,345.8138,21.3772
932.9889,0.1434,0.7672,-0.1412,319.1176,346.0217,21.4502
933.0,0.1445,0.7665,-0.1438,319.1971,346.2843,21.3923
933.0111,0.1456,0.7656,-0.1463,319.2039,346.6743,21.1655
933.0222,0.1466,0.7649,-0.1488,319.2799,347.0312,20.9736
933.0334,0.1477,0.7642,-0.1513,319.3965,347.344,20.7679
933.0445,0.1489,0.7637,-0.1539,319.6048,347.5728,20.6254
933.0556,0.1501,0.7633,-0.1566,319.8655,347.5561,20.8506
933.0667,0.1512,0.7627,-0.1593,320.0409,347.601,21.0449
933.0778,0.1525,0.7621,-0.1619,320.1433,347.5576,21.353
933.0889,0.1536,0.7613,-0.1645,320.2014,347.5172,21.5199
933.1,0.1547,0.7607,-0.1671,320.2532,347.5095,21.5248
933.1111,0.1558,0.7601,-0.1696,320.3578,347.6018,21.3882
933.1223,0.1568,0.7596,-0.1725,320.5214,347.8505,21.054000000000002
933.1334,0.1577,0.7591,-0.175,320.6924,348.2146,20.6319
933.1445,0.1583,0.7587,-0.1777,320.8387,348.5993,20.247
933.1556,0.1592,0.7584,-0.1804,320.9382,348.8092,20.1457
933.1667,0.16,0.7579,-0.1829,320.9674,348.8426,20.2085
933.1778,0.1608,0.7574,-0.1855,320.9796,348.8252,20.2259
933.1889,0.1616,0.7569,-0.1881,320.9988,348.6677,20.2426
933.2,0.1623,0.7565,-0.1907,321.0045,348.4894,20.1997
933.2111,0.1629,0.7563,-0.1931,321.0272,348.3784,20.1086
933.2222,0.1636,0.7559999999999999,-0.1959,321.0242,348.1889,20.142
933.2333,0.1642,0.7557,-0.1984,321.0344,348.0129,20.2805
933.2444,0.1646,0.7556,-0.2011,321.0555,347.75699999999995,20.5632
933.2556,0.1651,0.7553,-0.2037,321.0744,347.5628,20.6515
933.2667,0.1656,0.7549,-0.2064,321.0917,347.3288,20.5375
933.2778,0.1663,0.7544,-0.2091,321.152,347.1104,20.4586
933.2889,0.1669,0.7542,-0.2117,321.2264,346.8565,20.3868
933.3,0.1674,0.754,-0.2142,321.3736,346.6283,20.1612
933.3112,0.1679,0.7537,-0.2169,321.4807,346.4406,20.0109
933.3223,0.168,0.7534,-0.2196,321.606,346.2235,19.8147
933.3334,0.1682,0.7533,-0.2221,321.7313,345.8956,19.7277
933.3445,0.1683,0.7532,-0.2248,321.8012,345.4438,19.7638
933.3556,0.1684,0.7531,-0.2272,321.8369,344.8381,19.9516
933.3667,0.1685,0.7529,-0.2296,321.832,344.1384,20.3084
933.3778,0.1682,0.7531,-0.2319,321.8428,343.4752,20.5689
933.3889,0.1682,0.7531,-0.2344,321.869,342.923,20.6458
933.4,0.168,0.7531,-0.2367,321.932,342.4327,20.5718
933.4111,0.1677,0.7532,-0.2389,321.9991,341.9479,20.3637
933.4222,0.1677,0.7535,-0.2412,322.1343,341.3556,20.2321
933.4333,0.1677,0.7539,-0.2432,322.3588,340.6558,20.3541
933.4445,0.1676,0.7542,-0.2452,322.5446,339.9514,20.4903
933.4556,0.1674,0.7545,-0.2473,322.6352,339.2648,20.5613
933.4667,0.1671,0.7547,-0.2494,322.6065,338.7026,20.4842
933.4778,0.1666,0.7547,-0.2517,322.3994,338.2675,20.2596
933.4889,0.166,0.7545,-0.2539,322.0353,338.0452,19.7831
933.5,0.1656,0.7543,-0.2558,321.7757,337.7991,19.1324
933.5111,0.1651,0.7542,-0.2579,321.5952,337.4376,18.6966
933.5222,0.1645,0.754,-0.26,321.4045,337.0907,18.0995
933.5334,0.16399999999999998,0.7539,-0.2616,321.3374,336.4543,17.8749
933.5445,0.1636,0.7537,-0.2636,321.2188,335.8371,17.7734
933.5556,0.1629,0.7537,-0.2655,321.1013,335.1886,17.979
933.5667,0.1619,0.7537,-0.2673,320.9234,334.6122,18.1806
933.5778,0.161,0.7535,-0.26899999999999996,320.6835,333.9444,18.2106
933.5889,0.1601,0.7532,-0.2707,320.4606,333.1649,18.1691
933.6,0.1592,0.7529,-0.2724,320.2151,332.4386,17.9858
933.6111,0.1583,0.753,-0.2742,320.0432,331.6258,17.8037
933.6223,0.1573,0.7529,-0.2759,319.9609,330.6985,17.7381
933.6334,0.1563,0.7528,-0.2774,319.8457,329.7904,17.6016
933.6445,0.1553,0.7529,-0.27899999999999997,319.7341,328.7328,17.7165
933.6556,0.154,0.7529,-0.2806,319.6641,327.6889,18.1056
933.6667,0.1524,0.753,-0.2823,319.6264,326.7297,18.4402
933.6778,0.151,0.7531,-0.284,319.6736,325.7347,18.5211
933.6889,0.1496,0.7531,-0.2856,319.7214,324.7038,18.4948
933.7,0.1486,0.7531,-0.2871,319.814,323.6015,18.4165
933.7111,0.1476,0.7533,-0.2888,320.0441,322.323,18.3134
933.7222,0.1466,0.7535,-0.2903,320.3549,320.9781,18.1245
933.7333,0.1458,0.7539,-0.2916,320.6692,319.5069,18.2055
933.7444,0.1447,0.7544,-0.2932,320.9417,318.0453,18.6507
933.7556,0.1429,0.7545,-0.2946,321.0629,316.6467,19.5558
933.7667,0.1415,0.7546,-0.2959,321.0755,315.4966,19.945
933.7778,0.1398,0.7547,-0.2978,320.9807,314.5034,20.2846
933.7889,0.1384,0.7549,-0.2994,320.9774,313.4583,20.5144
933.8,0.1369,0.7552,-0.3007,321.0467,312.3172,20.5891
933.8112,0.1357,0.7555,-0.302,321.1285,311.1988,20.2685
933.8223,0.1345,0.7559,-0.3033,321.2425,310.0077,19.9108
933.8334,0.1334,0.7563,-0.3043,321.2956,308.8463,19.6279
933.8445,0.1322,0.7565,-0.3055,321.2298,307.748,19.5208
933.8556,0.1308,0.7567,-0.3066,321.0671,306.7867,19.6783
933.8667,0.1294,0.7568,-0.3078,320.887,305.8747,19.8957
933.8778,0.1279,0.7567,-0.309,320.608,305.1179,20.3086
933.8889,0.1269,0.7569,-0.3103,320.4115,304.3948,20.6489
933.9,0.1256,0.7571,-0.3113,320.3445,303.5662,20.8387
933.9111,0.1246,0.7575,-0.312,320.5799,302.6941,20.9817
933.9222,0.1233,0.7578,-0.3129,320.7505,301.8496,21.0893
933.9333,0.1221,0.7582,-0.3137,320.9746,301.1187,21.021
933.9445,0.1207,0.7585,-0.3146,321.1182,300.4753,20.939
933.9556,0.1191,0.7582,-0.3155,321.1784,299.8672,20.8587
933.9667,0.11800000000000001,0.7582,-0.3165,321.2206,299.2108,20.8597
