time,FailOnTouchObstacleShort-1_pos_x,FailOnTouchObstacleShort-1_pos_y,FailOnTouchObstacleShort-1_pos_z,FailOnTouchObstacleShort-1_rot_x,FailOnTouchObstacleShort-1_rot_y,FailOnTouchObstacleShort-1_rot_z
340.0667,0.1625,0.79,0.055,0.0,0.0,0.0
340.0778,0.1625,0.79,0.055,-0.001,-0.001,-0.001
340.0889,0.1625,0.79,0.055,-0.002,-0.002,-0.002
340.1,0.1625,0.79,0.055,-0.0024,-0.0024,-0.0024
340.1111,0.1625,0.79,0.055,-0.0025,-0.0025,-0.0025
340.1222,0.1625,0.79,0.055,-0.0023,-0.0023,-0.0023
340.1333,0.1625,0.79,0.055,-0.0022,-0.0022,-0.0022
340.1444,0.1625,0.79,0.055,-0.0022,-0.0022,-0.0022
340.1556,0.1625,0.79,0.055,-0.0021,-0.0021,-0.0021
340.1667,0.1625,0.79,0.055,-0.0022,-0.0022,-0.0022
340.1778,0.1625,0.79,0.055,-0.0022,-0.0022,-0.0022
340.1889,0.1625,0.79,0.055,-0.0022,-0.0022,-0.0022
340.2,0.1625,0.79,0.055,-0.0022,-0.0022,-0.0022
340.2111,0.1625,0.79,0.055,-0.0022,-0.0022,-0.0022
340.2222,0.1625,0.79,0.055,-0.0022,-0.0022,-0.0022
340.2333,0.1625,0.79,0.055,-0.0022,-0.0022,-0.0022
340.2444,0.1625,0.79,0.055,-0.0022,-0.0022,-0.0022
340.2556,0.1625,0.79,0.055,-0.0022,-0.0022,-0.0022
340.2667,0.1625,0.79,0.055,-0.0022,-0.0022,-0.0022
340.2778,0.1625,0.79,0.055,-0.0022,-0.0022,-0.0022
340.2889,0.1625,0.79,0.055,-0.0022,-0.0022,-0.0022
340.3,0.1625,0.79,0.055,-0.0022,-0.0022,-0.0022
340.3111,0.1625,0.79,0.055,-0.0022,-0.0022,-0.0022
340.3222,0.1625,0.79,0.055,-0.0022,-0.0022,-0.0022
340.3333,0.1625,0.79,0.055,-0.0022,-0.0022,-0.0022
340.3445,0.1625,0.79,0.055,-0.0022,-0.0022,-0.0022
340.3556,0.1625,0.79,0.055,-0.0022,-0.0022,-0.0022
340.3667,0.1625,0.79,0.055,-0.0022,-0.0022,-0.0022
340.3778,0.1625,0.79,0.055,-0.0022,-0.0022,-0.0022
340.3889,0.1625,0.79,0.055,-0.0022,-0.0022,-0.0022
340.4,0.1625,0.79,0.055,-0.0022,-0.0022,-0.0022
340.4111,0.1625,0.79,0.055,-0.0022,-0.0022,-0.0022
340.4222,0.1625,0.79,0.055,-0.0022,-0.0022,-0.0022
340.4333,0.1625,0.79,0.055,-0.0022,-0.0022,-0.0022
340.4445,0.1625,0.79,0.055,-0.0022,-0.0022,-0.0022
340.4556,0.1625,0.79,0.055,-0.0022,-0.0022,-0.0022
340.4667,0.1625,0.79,0.055,-0.0022,-0.0022,-0.0022
340.4778,0.1625,0.79,0.055,-0.0022,-0.0022,-0.0022
340.4889,0.1625,0.79,0.055,-0.0022,-0.0022,-0.0022
340.5,0.1625,0.79,0.055,-0.0022,-0.0022,-0.0022
340.5111,0.1625,0.79,0.055,-0.0022,-0.0022,-0.0022
340.5222,0.1625,0.79,0.055,-0.0022,-0.0022,-0.0022
340.5334,0.1625,0.79,0.055,-0.0022,-0.0022,-0.0022
340.5445,0.1625,0.79,0.055,-0.0022,-0.0022,-0.0022
340.5556,0.1625,0.79,0.055,-0.0022,-0.0022,-0.0022
340.5667,0.1625,0.79,0.055,-0.0022,-0.0022,-0.0022
340.5778,0.1625,0.79,0.055,-0.0022,-0.0022,-0.0022
340.5889,0.1625,0.79,0.055,-0.0022,-0.0022,-0.0022
340.6,0.1625,0.79,0.055,-0.0022,-0.0022,-0.0022
340.6111,0.1625,0.79,0.055,-0.0022,-0.0022,-0.0022
340.6222,0.1625,0.79,0.055,-0.0022,-0.0022,-0.0022
340.6333,0.1625,0.79,0.055,-0.0022,-0.0022,-0.0022
340.6444,0.1625,0.79,0.055,-0.0022,-0.0022,-0.0022
340.6556,0.1625,0.79,0.055,-0.0022,-0.0022,-0.0022
340.6667,0.1625,0.79,0.055,-0.0022,-0.0022,-0.0022
340.6778,0.1625,0.79,0.055,-0.0022,-0.0022,-0.0022
340.6889,0.1625,0.79,0.055,-0.0022,-0.0022,-0.0022
340.7,0.1625,0.79,0.055,-0.0022,-0.0022,-0.0022
340.7111,0.1625,0.79,0.055,-0.0022,-0.0022,-0.0022
340.7222,0.1625,0.79,0.055,-0.0022,-0.0022,-0.0022
340.7333,0.1625,0.79,0.055,-0.0022,-0.0022,-0.0022
340.7444,0.1625,0.79,0.055,-0.0022,-0.0022,-0.0022
340.7556,0.1625,0.79,0.055,-0.0022,-0.0022,-0.0022
340.7667,0.1625,0.79,0.055,-0.0022,-0.0022,-0.0022
340.7778,0.1625,0.79,0.055,-0.0022,-0.0022,-0.0022
340.7889,0.1625,0.79,0.055,-0.0022,-0.0022,-0.0022
340.8,0.1625,0.79,0.055,-0.0022,-0.0022,-0.0022
340.8111,0.1625,0.79,0.055,-0.0022,-0.0022,-0.0022
340.8222,0.1625,0.79,0.055,-0.0022,-0.0022,-0.0022
340.8333,0.1625,0.79,0.055,-0.0022,-0.0022,-0.0022
340.8445,0.1625,0.79,0.055,-0.0022,-0.0022,-0.0022
340.8556,0.1625,0.79,0.055,-0.0022,-0.0022,-0.0022
340.8667,0.1625,0.79,0.055,-0.0022,-0.0022,-0.0022
340.8778,0.1625,0.79,0.055,-0.0022,-0.0022,-0.0022
340.8889,0.1625,0.79,0.055,-0.0022,-0.0022,-0.0022
340.9,0.1625,0.79,0.055,-0.0022,-0.0022,-0.0022
340.9111,0.1625,0.79,0.055,-0.0022,-0.0022,-0.0022
340.9222,0.1625,0.79,0.055,-0.0022,-0.0022,-0.0022
340.9333,0.1625,0.79,0.055,-0.0022,-0.0022,-0.0022
340.9445,0.1625,0.79,0.055,-0.0022,-0.0022,-0.0022
340.9556,0.1625,0.79,0.055,-0.0022,-0.0022,-0.0022
340.9667,0.1625,0.79,0.055,-0.0022,-0.0022,-0.0022
340.9778,0.1625,0.79,0.055,-0.0022,-0.0022,-0.0022
340.9889,0.1625,0.79,0.055,-0.0022,-0.0022,-0.0022
341.0,0.1625,0.79,0.055,-0.0022,-0.0022,-0.0022
341.0111,0.1625,0.79,0.055,-0.0022,-0.0022,-0.0022
341.0222,0.1625,0.79,0.055,-0.0022,-0.0022,-0.0022
341.0334,0.1625,0.79,0.055,-0.0022,-0.0022,-0.0022
341.0445,0.1625,0.79,0.055,-0.0022,-0.0022,-0.0022
341.0556,0.1625,0.79,0.055,-0.0022,-0.0022,-0.0022
341.0667,0.1625,0.79,0.055,-0.0022,-0.0022,-0.0022
341.0778,0.1625,0.79,0.055,-0.0022,-0.0022,-0.0022
341.0889,0.1625,0.79,0.055,-0.0022,-0.0022,-0.0022
341.1,0.1625,0.79,0.055,-0.0022,-0.0022,-0.0022
341.1111,0.1625,0.79,0.055,-0.0022,-0.0022,-0.0022
341.1222,0.1625,0.79,0.055,-0.0022,-0.0022,-0.0022
341.1333,0.1625,0.79,0.055,-0.0022,-0.0022,-0.0022
341.1444,0.1625,0.79,0.055,-0.0022,-0.0022,-0.0022
341.1556,0.1625,0.79,0.055,-0.0022,-0.0022,-0.0022
341.1667,0.1625,0.79,0.055,-0.0022,-0.0022,-0.0022
341.1778,0.1625,0.79,0.055,-0.0022,-0.0022,-0.0022
341.1889,0.1625,0.79,0.055,-0.0022,-0.0022,-0.0022
341.2,0.1625,0.79,0.055,-0.0022,-0.0022,-0.0022
341.2111,0.1625,0.79,0.055,-0.0022,-0.0022,-0.0022
341.2222,0.1625,0.79,0.055,-0.0022,-0.0022,-0.0022
341.2333,0.1625,0.79,0.055,-0.0022,-0.0022,-0.0022
341.2444,0.1625,0.79,0.055,-0.0022,-0.0022,-0.0022
341.2556,0.1625,0.79,0.055,-0.0022,-0.0022,-0.0022
341.2667,0.1625,0.79,0.055,-0.0022,-0.0022,-0.0022
341.2778,0.1625,0.79,0.055,-0.0022,-0.0022,-0.0022
341.2889,0.1625,0.79,0.055,-0.0022,-0.0022,-0.0022
341.3,0.1625,0.79,0.055,-0.0022,-0.0022,-0.0022
341.3111,0.1625,0.79,0.055,-0.0022,-0.0022,-0.0022
341.3222,0.1625,0.79,0.055,-0.0022,-0.0022,-0.0022
341.3333,0.1625,0.79,0.055,-0.0022,-0.0022,-0.0022
341.3445,0.1625,0.79,0.055,-0.0022,-0.0022,-0.0022
341.3556,0.1625,0.79,0.055,-0.0022,-0.0022,-0.0022
341.3667,0.1625,0.79,0.055,-0.0022,-0.0022,-0.0022
341.3778,0.1625,0.79,0.055,-0.0022,-0.0022,-0.0022
341.3889,0.1625,0.79,0.055,-0.0022,-0.0022,-0.0022
341.4,0.1625,0.79,0.055,-0.0022,-0.0022,-0.0022
341.4111,0.1625,0.79,0.055,-0.0022,-0.0022,-0.0022
341.4222,0.1625,0.79,0.055,-0.0022,-0.0022,-0.0022
341.4333,0.1625,0.79,0.055,-0.0022,-0.0022,-0.0022
341.4445,0.1625,0.79,0.055,-0.0022,-0.0022,-0.0022
341.4556,0.1625,0.79,0.055,-0.0022,-0.0022,-0.0022
341.4667,0.1625,0.79,0.055,-0.0022,-0.0022,-0.0022
341.4778,0.1625,0.79,0.055,-0.0022,-0.0022,-0.0022
341.4889,0.1625,0.79,0.055,-0.0022,-0.0022,-0.0022
341.5,0.1625,0.79,0.055,-0.0022,-0.0022,-0.0022
341.5111,0.1625,0.79,0.055,-0.0022,-0.0022,-0.0022
341.5222,0.1625,0.79,0.055,-0.0022,-0.0022,-0.0022
341.5334,0.1625,0.79,0.055,-0.0022,-0.0022,-0.0022
341.5445,0.1625,0.79,0.055,-0.0022,-0.0022,-0.0022
341.5556,0.1625,0.79,0.055,-0.0022,-0.0022,-0.0022
341.5667,0.1625,0.79,0.055,-0.0022,-0.0022,-0.0022
341.5778,0.1625,0.79,0.055,-0.0022,-0.0022,-0.0022
341.5889,0.1625,0.79,0.055,-0.0022,-0.0022,-0.0022
341.6,0.1625,0.79,0.055,-0.0022,-0.0022,-0.0022
341.6111,0.1625,0.79,0.055,-0.0022,-0.0022,-0.0022
341.6222,0.1625,0.79,0.055,-0.0022,-0.0022,-0.0022
341.6333,0.1625,0.79,0.055,-0.0022,-0.0022,-0.0022
341.6444,0.1625,0.79,0.055,-0.0022,-0.0022,-0.0022
341.6556,0.1625,0.79,0.055,-0.0022,-0.0022,-0.0022
341.6667,0.1625,0.79,0.055,-0.0022,-0.0022,-0.0022
341.6778,0.1625,0.79,0.055,-0.0022,-0.0022,-0.0022
341.6889,0.1625,0.79,0.055,-0.0022,-0.0022,-0.0022
341.7,0.1625,0.79,0.055,-0.0022,-0.0022,-0.0022
341.7111,0.1625,0.79,0.055,-0.0022,-0.0022,-0.0022
341.7222,0.1625,0.79,0.055,-0.0022,-0.0022,-0.0022
341.7333,0.1625,0.79,0.055,-0.0022,-0.0022,-0.0022
341.7444,0.1625,0.79,0.055,-0.0022,-0.0022,-0.0022
341.7556,0.1625,0.79,0.055,-0.0022,-0.0022,-0.0022
341.7667,0.1625,0.79,0.055,-0.0022,-0.0022,-0.0022
341.7778,0.1625,0.79,0.055,-0.0022,-0.0022,-0.0022
341.7889,0.1625,0.79,0.055,-0.0022,-0.0022,-0.0022
341.8,0.1625,0.79,0.055,-0.0022,-0.0022,-0.0022
341.8111,0.1625,0.79,0.055,-0.0022,-0.0022,-0.0022
341.8222,0.1625,0.79,0.055,-0.0022,-0.0022,-0.0022
341.8333,0.1625,0.79,0.055,-0.0022,-0.0022,-0.0022
341.8445,0.1625,0.79,0.055,-0.0022,-0.0022,-0.0022
341.8556,0.1625,0.79,0.055,-0.0022,-0.0022,-0.0022
341.8667,0.1625,0.79,0.055,-0.0022,-0.0022,-0.0022
341.8778,0.1625,0.79,0.055,-0.0022,-0.0022,-0.0022
341.8889,0.1625,0.79,0.055,-0.0022,-0.0022,-0.0022
341.9,0.1625,0.79,0.055,-0.0022,-0.0022,-0.0022
341.9111,0.1625,0.79,0.055,-0.0022,-0.0022,-0.0022
341.9222,0.1625,0.79,0.055,-0.0022,-0.0022,-0.0022
341.9333,0.1625,0.79,0.055,-0.0022,-0.0022,-0.0022
341.9445,0.1625,0.79,0.055,-0.0022,-0.0022,-0.0022
341.9556,0.1625,0.79,0.055,-0.0022,-0.0022,-0.0022
341.9667,0.1625,0.79,0.055,-0.0022,-0.0022,-0.0022
341.9778,0.1625,0.79,0.055,-0.0022,-0.0022,-0.0022
341.9889,0.1625,0.79,0.055,-0.0022,-0.0022,-0.0022
342.0,0.1625,0.79,0.055,-0.0022,-0.0022,-0.0022
342.0111,0.1625,0.79,0.055,-0.0022,-0.0022,-0.0022
342.0222,0.1625,0.79,0.055,-0.0022,-0.0022,-0.0022
342.0334,0.1625,0.79,0.055,-0.0022,-0.0022,-0.0022
342.0445,0.1625,0.79,0.055,-0.0022,-0.0022,-0.0022
342.0556,0.1625,0.79,0.055,-0.0022,-0.0022,-0.0022
342.0667,0.1625,0.79,0.055,-0.0022,-0.0022,-0.0022
342.0778,0.1625,0.79,0.055,-0.0022,-0.0022,-0.0022
342.0889,0.1625,0.79,0.055,-0.0022,-0.0022,-0.0022
342.1,0.1625,0.79,0.055,-0.0022,-0.0022,-0.0022
342.1111,0.1625,0.79,0.055,-0.0022,-0.0022,-0.0022
342.1222,0.1625,0.79,0.055,-0.0022,-0.0022,-0.0022
342.1333,0.1625,0.79,0.055,-0.0022,-0.0022,-0.0022
342.1444,0.1625,0.79,0.055,-0.0022,-0.0022,-0.0022
342.1556,0.1625,0.79,0.055,-0.0022,-0.0022,-0.0022
342.1667,0.1625,0.79,0.055,-0.0022,-0.0022,-0.0022
342.1778,0.1625,0.79,0.055,-0.0022,-0.0022,-0.0022
342.1889,0.1625,0.79,0.055,-0.0022,-0.0022,-0.0022
342.2,0.1625,0.79,0.055,-0.0022,-0.0022,-0.0022
342.2111,0.1625,0.79,0.055,-0.0022,-0.0022,-0.0022
342.2222,0.1625,0.79,0.055,-0.0022,-0.0022,-0.0022
342.2333,0.1625,0.79,0.055,-0.0022,-0.0022,-0.0022
342.2444,0.1625,0.79,0.055,-0.0022,-0.0022,-0.0022
342.2556,0.1625,0.79,0.055,-0.0022,-0.0022,-0.0022
342.2667,0.1625,0.79,0.055,-0.0022,-0.0022,-0.0022
342.2778,0.1625,0.79,0.055,-0.0022,-0.0022,-0.0022
342.2889,0.1625,0.79,0.055,-0.0022,-0.0022,-0.0022
342.3,0.1625,0.79,0.055,-0.0022,-0.0022,-0.0022
342.3111,0.1625,0.79,0.055,-0.0022,-0.0022,-0.0022
342.3222,0.1625,0.79,0.055,-0.0022,-0.0022,-0.0022
342.3333,0.1625,0.79,0.055,-0.0022,-0.0022,-0.0022
342.3445,0.1625,0.79,0.055,-0.0022,-0.0022,-0.0022
342.3556,0.1625,0.79,0.055,-0.0022,-0.0022,-0.0022
342.3667,0.1625,0.79,0.055,-0.0022,-0.0022,-0.0022
342.3778,0.1625,0.79,0.055,-0.0022,-0.0022,-0.0022
342.3889,0.1625,0.79,0.055,-0.0022,-0.0022,-0.0022
342.4,0.1625,0.79,0.055,-0.0022,-0.0022,-0.0022
342.4111,0.1625,0.79,0.055,-0.0022,-0.0022,-0.0022
342.4222,0.1625,0.79,0.055,-0.0022,-0.0022,-0.0022
342.4333,0.1625,0.79,0.055,-0.0022,-0.0022,-0.0022
342.4445,0.1625,0.79,0.055,-0.0022,-0.0022,-0.0022
342.4556,0.1625,0.79,0.055,-0.0022,-0.0022,-0.0022
342.4667,0.1625,0.79,0.055,-0.0022,-0.0022,-0.0022
342.4778,0.1625,0.79,0.055,-0.0022,-0.0022,-0.0022
342.4889,0.1625,0.79,0.055,-0.0022,-0.0022,-0.0022
342.5,0.1625,0.79,0.055,-0.0022,-0.0022,-0.0022
342.5111,0.1625,0.79,0.055,-0.0022,-0.0022,-0.0022
342.5222,0.1625,0.79,0.055,-0.0022,-0.0022,-0.0022
342.5334,0.1625,0.79,0.055,-0.0022,-0.0022,-0.0022
342.5445,0.1625,0.79,0.055,-0.0022,-0.0022,-0.0022
342.5556,0.1625,0.79,0.055,-0.0022,-0.0022,-0.0022
342.5667,0.1625,0.79,0.055,-0.0022,-0.0022,-0.0022
342.5778,0.1625,0.79,0.055,-0.0022,-0.0022,-0.0022
342.5889,0.1625,0.79,0.055,-0.0022,-0.0022,-0.0022
342.6,0.1625,0.79,0.055,-0.0022,-0.0022,-0.0022
342.6111,0.1625,0.79,0.055,-0.0022,-0.0022,-0.0022
342.6222,0.1625,0.79,0.055,-0.0022,-0.0022,-0.0022
342.6333,0.1625,0.79,0.055,-0.0022,-0.0022,-0.0022
342.6444,0.1625,0.79,0.055,-0.0022,-0.0022,-0.0022
342.6556,0.1625,0.79,0.055,-0.0022,-0.0022,-0.0022
342.6667,0.1625,0.79,0.055,-0.0022,-0.0022,-0.0022
342.6778,0.1625,0.79,0.055,-0.0022,-0.0022,-0.0022
342.6889,0.1625,0.79,0.055,-0.0022,-0.0022,-0.0022
342.7,0.1625,0.79,0.055,-0.0022,-0.0022,-0.0022
342.7111,0.1625,0.79,0.055,-0.0022,-0.0022,-0.0022
342.7222,0.1625,0.79,0.055,-0.0022,-0.0022,-0.0022
342.7333,0.1625,0.79,0.055,-0.0022,-0.0022,-0.0022
342.7444,0.1625,0.79,0.055,-0.0022,-0.0022,-0.0022
342.7556,0.1625,0.79,0.055,-0.0022,-0.0022,-0.0022
342.7667,0.1625,0.79,0.055,-0.0022,-0.0022,-0.0022
342.7778,0.1625,0.79,0.055,-0.0022,-0.0022,-0.0022
342.7889,0.1625,0.79,0.055,-0.0022,-0.0022,-0.0022
342.8,0.1625,0.79,0.055,-0.0022,-0.0022,-0.0022
342.8111,0.1625,0.79,0.055,-0.0022,-0.0022,-0.0022
342.8222,0.1625,0.79,0.055,-0.0022,-0.0022,-0.0022
342.8333,0.1625,0.79,0.055,-0.0022,-0.0022,-0.0022
342.8445,0.1625,0.79,0.055,-0.0022,-0.0022,-0.0022
342.8556,0.1625,0.79,0.055,-0.0022,-0.0022,-0.0022
342.8667,0.1625,0.79,0.055,-0.0022,-0.0022,-0.0022
342.8778,0.1625,0.79,0.055,-0.0022,-0.0022,-0.0022
342.8889,0.1625,0.79,0.055,-0.0022,-0.0022,-0.0022
342.9,0.1625,0.79,0.055,-0.0022,-0.0022,-0.0022
342.9111,0.1625,0.79,0.055,-0.0022,-0.0022,-0.0022
342.9222,0.1625,0.79,0.055,-0.0022,-0.0022,-0.0022
342.9333,0.1625,0.79,0.055,-0.0022,-0.0022,-0.0022
342.9445,0.1625,0.79,0.055,-0.0022,-0.0022,-0.0022
342.9556,0.1625,0.79,0.055,-0.0022,-0.0022,-0.0022
342.9667,0.1625,0.79,0.055,-0.0022,-0.0022,-0.0022
342.9778,0.1625,0.79,0.055,-0.0022,-0.0022,-0.0022
342.9889,0.1625,0.79,0.055,-0.0022,-0.0022,-0.0022
343.0,0.1625,0.79,0.055,-0.0022,-0.0022,-0.0022
343.0111,0.1625,0.79,0.055,-0.0022,-0.0022,-0.0022
343.0222,0.1625,0.79,0.055,-0.0022,-0.0022,-0.0022
343.0334,0.1625,0.79,0.055,-0.0022,-0.0022,-0.0022
343.0445,0.1625,0.79,0.055,-0.0022,-0.0022,-0.0022
343.0556,0.1625,0.79,0.055,-0.0022,-0.0022,-0.0022
343.0667,0.1625,0.79,0.055,-0.0022,-0.0022,-0.0022
343.0778,0.1625,0.79,0.055,-0.0022,-0.0022,-0.0022
343.0889,0.1625,0.79,0.055,-0.0022,-0.0022,-0.0022
343.1,0.1625,0.79,0.055,-0.0022,-0.0022,-0.0022
343.1111,0.1625,0.79,0.055,-0.0022,-0.0022,-0.0022
343.1222,0.1625,0.79,0.055,-0.0022,-0.0022,-0.0022
343.1333,0.1625,0.79,0.055,-0.0022,-0.0022,-0.0022
343.1444,0.1625,0.79,0.055,-0.0022,-0.0022,-0.0022
343.1556,0.1625,0.79,0.055,-0.0022,-0.0022,-0.0022
343.1667,0.1625,0.79,0.055,-0.0022,-0.0022,-0.0022
343.1778,0.1625,0.79,0.055,-0.0022,-0.0022,-0.0022
343.1889,0.1625,0.79,0.055,-0.0022,-0.0022,-0.0022
343.2,0.1625,0.79,0.055,-0.0022,-0.0022,-0.0022
343.2111,0.1625,0.79,0.055,-0.0022,-0.0022,-0.0022
343.2222,0.1625,0.79,0.055,-0.0022,-0.0022,-0.0022
343.2333,0.1625,0.79,0.055,-0.0022,-0.0022,-0.0022
343.2444,0.1625,0.79,0.055,-0.0022,-0.0022,-0.0022
343.2556,0.1625,0.79,0.055,-0.0022,-0.0022,-0.0022
343.2667,0.1625,0.79,0.055,-0.0022,-0.0022,-0.0022
343.2778,0.1625,0.79,0.055,-0.0022,-0.0022,-0.0022
343.2889,0.1625,0.79,0.055,-0.0022,-0.0022,-0.0022
343.3,0.1625,0.79,0.055,-0.0022,-0.0022,-0.0022
343.3111,0.1625,0.79,0.055,-0.0022,-0.0022,-0.0022
343.3222,0.1625,0.79,0.055,-0.0022,-0.0022,-0.0022
343.3333,0.1625,0.79,0.055,-0.0022,-0.0022,-0.0022
343.3445,0.1625,0.79,0.055,-0.0022,-0.0022,-0.0022
343.3556,0.1625,0.79,0.055,-0.0022,-0.0022,-0.0022
343.3667,0.1625,0.79,0.055,-0.0022,-0.0022,-0.0022
343.3778,0.1625,0.79,0.055,-0.0022,-0.0022,-0.0022
343.3889,0.1625,0.79,0.055,-0.0022,-0.0022,-0.0022
343.4,0.1625,0.79,0.055,-0.0022,-0.0022,-0.0022
343.4111,0.1625,0.79,0.055,-0.0022,-0.0022,-0.0022
343.4222,0.1625,0.79,0.055,-0.0022,-0.0022,-0.0022
343.4333,0.1625,0.79,0.055,-0.0022,-0.0022,-0.0022
343.4445,0.1625,0.79,0.055,-0.0022,-0.0022,-0.0022
343.4556,0.1625,0.79,0.055,-0.0022,-0.0022,-0.0022
343.4667,0.1625,0.79,0.055,-0.0022,-0.0022,-0.0022
343.4778,0.1625,0.79,0.055,-0.0022,-0.0022,-0.0022
343.4889,0.1625,0.79,0.055,-0.0022,-0.0022,-0.0022
343.5,0.1625,0.79,0.055,-0.0022,-0.0022,-0.0022
343.5111,0.1625,0.79,0.055,-0.0022,-0.0022,-0.0022
343.5222,0.1625,0.79,0.055,-0.0022,-0.0022,-0.0022
343.5334,0.1625,0.79,0.055,-0.0022,-0.0022,-0.0022
343.5445,0.1625,0.79,0.055,-0.0022,-0.0022,-0.0022
343.5556,0.1625,0.79,0.055,-0.0022,-0.0022,-0.0022
343.5667,0.1625,0.79,0.055,-0.0022,-0.0022,-0.0022
343.5778,0.1625,0.79,0.055,-0.0022,-0.0022,-0.0022
343.5889,0.1625,0.79,0.055,-0.0022,-0.0022,-0.0022
343.6,0.1625,0.79,0.055,-0.0022,-0.0022,-0.0022
343.6111,0.1625,0.79,0.055,-0.0022,-0.0022,-0.0022
343.6222,0.1625,0.79,0.055,-0.0022,-0.0022,-0.0022
343.6333,0.1625,0.79,0.055,-0.0022,-0.0022,-0.0022
343.6444,0.1625,0.79,0.055,-0.0022,-0.0022,-0.0022
343.6556,0.1625,0.79,0.055,-0.0022,-0.0022,-0.0022
343.6667,0.1625,0.79,0.055,-0.0022,-0.0022,-0.0022
343.6778,0.1625,0.79,0.055,-0.0022,-0.0022,-0.0022
343.6889,0.1625,0.79,0.055,-0.0022,-0.0022,-0.0022
343.7,0.1625,0.79,0.055,-0.0022,-0.0022,-0.0022
343.7111,0.1625,0.79,0.055,-0.0022,-0.0022,-0.0022
343.7222,0.1625,0.79,0.055,-0.0022,-0.0022,-0.0022
343.7333,0.1625,0.79,0.055,-0.0022,-0.0022,-0.0022
343.7444,0.1625,0.79,0.055,-0.0022,-0.0022,-0.0022
343.7556,0.1625,0.79,0.055,-0.0022,-0.0022,-0.0022
343.7667,0.1625,0.79,0.055,-0.0022,-0.0022,-0.0022
343.7778,0.1625,0.79,0.055,-0.0022,-0.0022,-0.0022
343.7889,0.1625,0.79,0.055,-0.0022,-0.0022,-0.0022
343.8,0.1625,0.79,0.055,-0.0022,-0.0022,-0.0022
343.8111,0.1625,0.79,0.055,-0.0022,-0.0022,-0.0022
343.8222,0.1625,0.79,0.055,-0.0022,-0.0022,-0.0022
343.8333,0.1625,0.79,0.055,-0.0022,-0.0022,-0.0022
343.8445,0.1625,0.79,0.055,-0.0022,-0.0022,-0.0022
343.8556,0.1625,0.79,0.055,-0.0022,-0.0022,-0.0022
343.8667,0.1625,0.79,0.055,-0.0022,-0.0022,-0.0022
343.8778,0.1625,0.79,0.055,-0.0022,-0.0022,-0.0022
343.8889,0.1625,0.79,0.055,-0.0022,-0.0022,-0.0022
343.9,0.1625,0.79,0.055,-0.0022,-0.0022,-0.0022
343.9111,0.1625,0.79,0.055,-0.0022,-0.0022,-0.0022
343.9222,0.1625,0.79,0.055,-0.0022,-0.0022,-0.0022
343.9333,0.1625,0.79,0.055,-0.0022,-0.0022,-0.0022
343.9445,0.1625,0.79,0.055,-0.0022,-0.0022,-0.0022
343.9556,0.1625,0.79,0.055,-0.0022,-0.0022,-0.0022
343.9667,0.1625,0.79,0.055,-0.0022,-0.0022,-0.0022
343.9778,0.1625,0.79,0.055,-0.0022,-0.0022,-0.0022
343.9889,0.1625,0.79,0.055,-0.0022,-0.0022,-0.0022
344.0,0.1625,0.79,0.055,-0.0022,-0.0022,-0.0022
344.0111,0.1625,0.79,0.055,-0.0022,-0.0022,-0.0022
344.0222,0.1625,0.79,0.055,-0.0022,-0.0022,-0.0022
344.0334,0.1625,0.79,0.055,-0.0022,-0.0022,-0.0022
344.0445,0.1625,0.79,0.055,-0.0022,-0.0022,-0.0022
344.0556,0.1625,0.79,0.055,-0.0022,-0.0022,-0.0022
344.0667,0.1625,0.79,0.055,-0.0022,-0.0022,-0.0022
344.0778,0.1625,0.79,0.055,-0.0022,-0.0022,-0.0022
344.0889,0.1625,0.79,0.055,-0.0022,-0.0022,-0.0022
344.1,0.1625,0.79,0.055,-0.0022,-0.0022,-0.0022
344.1111,0.1625,0.79,0.055,-0.0022,-0.0022,-0.0022
344.1222,0.1625,0.79,0.055,-0.0022,-0.0022,-0.0022
344.1333,0.1625,0.79,0.055,-0.0022,-0.0022,-0.0022
344.1444,0.1625,0.79,0.055,-0.0022,-0.0022,-0.0022
344.1556,0.1625,0.79,0.055,-0.0022,-0.0022,-0.0022
344.1667,0.1625,0.79,0.055,-0.0022,-0.0022,-0.0022
344.1778,0.1625,0.79,0.055,-0.0022,-0.0022,-0.0022
344.1889,0.1625,0.79,0.055,-0.0022,-0.0022,-0.0022
344.2,0.1625,0.79,0.055,-0.0022,-0.0022,-0.0022
344.2111,0.1625,0.79,0.055,-0.0022,-0.0022,-0.0022
344.2222,0.1625,0.79,0.055,-0.0022,-0.0022,-0.0022
344.2333,0.1625,0.79,0.055,-0.0022,-0.0022,-0.0022
344.2444,0.1625,0.79,0.055,-0.0022,-0.0022,-0.0022
344.2556,0.1625,0.79,0.055,-0.0022,-0.0022,-0.0022
344.2667,0.1625,0.79,0.055,-0.0022,-0.0022,-0.0022
344.2778,0.1625,0.79,0.055,-0.0022,-0.0022,-0.0022
344.2889,0.1625,0.79,0.055,-0.0022,-0.0022,-0.0022
344.3,0.1625,0.79,0.055,-0.0022,-0.0022,-0.0022
344.3111,0.1625,0.79,0.055,-0.0022,-0.0022,-0.0022
344.3222,0.1625,0.79,0.055,-0.0022,-0.0022,-0.0022
344.3333,0.1625,0.79,0.055,-0.0022,-0.0022,-0.0022
344.3445,0.1625,0.79,0.055,-0.0022,-0.0022,-0.0022
344.3556,0.1625,0.79,0.055,-0.0022,-0.0022,-0.0022
344.3667,0.1625,0.79,0.055,-0.0022,-0.0022,-0.0022
344.3778,0.1625,0.79,0.055,-0.0022,-0.0022,-0.0022
344.3889,0.1625,0.79,0.055,-0.0022,-0.0022,-0.0022
344.4,0.1625,0.79,0.055,-0.0022,-0.0022,-0.0022
344.4111,0.1625,0.79,0.055,-0.0022,-0.0022,-0.0022
344.4222,0.1625,0.79,0.055,-0.0022,-0.0022,-0.0022
344.4333,0.1625,0.79,0.055,-0.0022,-0.0022,-0.0022
344.4445,0.1625,0.79,0.055,-0.0022,-0.0022,-0.0022
344.4556,0.1625,0.79,0.055,-0.0022,-0.0022,-0.0022
344.4667,0.1625,0.79,0.055,-0.0022,-0.0022,-0.0022
344.4778,0.1625,0.79,0.055,-0.0022,-0.0022,-0.0022
344.4889,0.1625,0.79,0.055,-0.0022,-0.0022,-0.0022
344.5,0.1625,0.79,0.055,-0.0022,-0.0022,-0.0022
344.5111,0.1625,0.79,0.055,-0.0022,-0.0022,-0.0022
344.5222,0.1625,0.79,0.055,-0.0022,-0.0022,-0.0022
344.5334,0.1625,0.79,0.055,-0.0022,-0.0022,-0.0022
344.5445,0.1625,0.79,0.055,-0.0022,-0.0022,-0.0022
344.5556,0.1625,0.79,0.055,-0.0022,-0.0022,-0.0022
344.5667,0.1625,0.79,0.055,-0.0022,-0.0022,-0.0022
344.5778,0.1625,0.79,0.055,-0.0022,-0.0022,-0.0022
344.5889,0.1625,0.79,0.055,-0.0022,-0.0022,-0.0022
344.6,0.1625,0.79,0.055,-0.0022,-0.0022,-0.0022
344.6111,0.1625,0.79,0.055,-0.0022,-0.0022,-0.0022
344.6222,0.1625,0.79,0.055,-0.0022,-0.0022,-0.0022
344.6333,0.1625,0.79,0.055,-0.0022,-0.0022,-0.0022
344.6444,0.1625,0.79,0.055,-0.0022,-0.0022,-0.0022
344.6556,0.1625,0.79,0.055,-0.0022,-0.0022,-0.0022
344.6667,0.1625,0.79,0.055,-0.0022,-0.0022,-0.0022
344.6778,0.1625,0.79,0.055,-0.0022,-0.0022,-0.0022
344.6889,0.1625,0.79,0.055,-0.0022,-0.0022,-0.0022
344.7,0.1625,0.79,0.055,-0.0022,-0.0022,-0.0022
344.7111,0.1625,0.79,0.055,-0.0022,-0.0022,-0.0022
344.7222,0.1625,0.79,0.055,-0.0022,-0.0022,-0.0022
344.7333,0.1625,0.79,0.055,-0.0022,-0.0022,-0.0022
344.7444,0.1625,0.79,0.055,-0.0022,-0.0022,-0.0022
344.7556,0.1625,0.79,0.055,-0.0022,-0.0022,-0.0022
344.7667,0.1625,0.79,0.055,-0.0022,-0.0022,-0.0022
344.7778,0.1625,0.79,0.055,-0.0022,-0.0022,-0.0022
344.7889,0.1625,0.79,0.055,-0.0022,-0.0022,-0.0022
344.8,0.1625,0.79,0.055,-0.0022,-0.0022,-0.0022
344.8111,0.1625,0.79,0.055,-0.0022,-0.0022,-0.0022
344.8222,0.1625,0.79,0.055,-0.0022,-0.0022,-0.0022
344.8333,0.1625,0.79,0.055,-0.0022,-0.0022,-0.0022
344.8445,0.1625,0.79,0.055,-0.0022,-0.0022,-0.0022
344.8556,0.1625,0.79,0.055,-0.0022,-0.0022,-0.0022
344.8667,0.1625,0.79,0.055,-0.0022,-0.0022,-0.0022
344.8778,0.1625,0.79,0.055,-0.0022,-0.0022,-0.0022
344.8889,0.1625,0.79,0.055,-0.0022,-0.0022,-0.0022
344.9,0.1625,0.79,0.055,-0.0022,-0.0022,-0.0022
344.9111,0.1625,0.79,0.055,-0.0022,-0.0022,-0.0022
344.9222,0.1625,0.79,0.055,-0.0022,-0.0022,-0.0022
344.9333,0.1625,0.79,0.055,-0.0022,-0.0022,-0.0022
344.9445,0.1625,0.79,0.055,-0.0022,-0.0022,-0.0022
344.9556,0.1625,0.79,0.055,-0.0022,-0.0022,-0.0022
344.9667,0.1625,0.79,0.055,-0.0022,-0.0022,-0.0022
344.9778,0.1625,0.79,0.055,-0.0022,-0.0022,-0.0022
344.9889,0.1625,0.79,0.055,-0.0022,-0.0022,-0.0022
345.0,0.1625,0.79,0.055,-0.0022,-0.0022,-0.0022
345.0111,0.1625,0.79,0.055,-0.0022,-0.0022,-0.0022
345.0222,0.1625,0.79,0.055,-0.0022,-0.0022,-0.0022
345.0334,0.1625,0.79,0.055,-0.0022,-0.0022,-0.0022
345.0445,0.1625,0.79,0.055,-0.0022,-0.0022,-0.0022
345.0556,0.1625,0.79,0.055,-0.0022,-0.0022,-0.0022
345.0667,0.1625,0.79,0.055,-0.0022,-0.0022,-0.0022
345.0778,0.1625,0.79,0.055,-0.0022,-0.0022,-0.0022
345.0889,0.1625,0.79,0.055,-0.0022,-0.0022,-0.0022
345.1,0.1625,0.79,0.055,-0.0022,-0.0022,-0.0022
345.1111,0.1625,0.79,0.055,-0.0022,-0.0022,-0.0022
345.1222,0.1625,0.79,0.055,-0.0022,-0.0022,-0.0022
345.1333,0.1625,0.79,0.055,-0.0022,-0.0022,-0.0022
345.1444,0.1625,0.79,0.055,-0.0022,-0.0022,-0.0022
345.1556,0.1625,0.79,0.055,-0.0022,-0.0022,-0.0022
345.1667,0.1625,0.79,0.055,-0.0022,-0.0022,-0.0022
345.1778,0.1625,0.79,0.055,-0.0022,-0.0022,-0.0022
345.1889,0.1625,0.79,0.055,-0.0022,-0.0022,-0.0022
345.2,0.1625,0.79,0.055,-0.0022,-0.0022,-0.0022
345.2111,0.1625,0.79,0.055,-0.0022,-0.0022,-0.0022
345.2222,0.1625,0.79,0.055,-0.0022,-0.0022,-0.0022
345.2333,0.1625,0.79,0.055,-0.0022,-0.0022,-0.0022
345.2444,0.1625,0.79,0.055,-0.0022,-0.0022,-0.0022
345.2556,0.1625,0.79,0.055,-0.0022,-0.0022,-0.0022
345.2667,0.1625,0.79,0.055,-0.0022,-0.0022,-0.0022
345.2778,0.1625,0.79,0.055,-0.0022,-0.0022,-0.0022
345.2889,0.1625,0.79,0.055,-0.0022,-0.0022,-0.0022
345.3,0.1625,0.79,0.055,-0.0022,-0.0022,-0.0022
345.3111,0.1625,0.79,0.055,-0.0022,-0.0022,-0.0022
345.3222,0.1625,0.79,0.055,-0.0022,-0.0022,-0.0022
345.3333,0.1625,0.79,0.055,-0.0022,-0.0022,-0.0022
345.3445,0.1625,0.79,0.055,-0.0022,-0.0022,-0.0022
345.3556,0.1625,0.79,0.055,-0.0022,-0.0022,-0.0022
345.3667,0.1625,0.79,0.055,-0.0022,-0.0022,-0.0022
345.3778,0.1625,0.79,0.055,-0.0022,-0.0022,-0.0022
345.3889,0.1625,0.79,0.055,-0.0022,-0.0022,-0.0022
345.4,0.1625,0.79,0.055,-0.0022,-0.0022,-0.0022
345.4111,0.1625,0.79,0.055,-0.0022,-0.0022,-0.0022
345.4222,0.1625,0.79,0.055,-0.0022,-0.0022,-0.0022
345.4333,0.1625,0.79,0.055,-0.0022,-0.0022,-0.0022
345.4445,0.1625,0.79,0.055,-0.0022,-0.0022,-0.0022
345.4556,0.1625,0.79,0.055,-0.0022,-0.0022,-0.0022
345.4667,0.1625,0.79,0.055,-0.0022,-0.0022,-0.0022
345.4778,0.1625,0.79,0.055,-0.0022,-0.0022,-0.0022
345.4889,0.1625,0.79,0.055,-0.0022,-0.0022,-0.0022
345.5,0.1625,0.79,0.055,-0.0022,-0.0022,-0.0022
345.5111,0.1625,0.79,0.055,-0.0022,-0.0022,-0.0022
345.5222,0.1625,0.79,0.055,-0.0022,-0.0022,-0.0022
345.5334,0.1625,0.79,0.055,-0.0022,-0.0022,-0.0022
345.5445,0.1625,0.79,0.055,-0.0022,-0.0022,-0.0022
345.5556,0.1625,0.79,0.055,-0.0022,-0.0022,-0.0022
345.5667,0.1625,0.79,0.055,-0.0022,-0.0022,-0.0022
345.5778,0.1625,0.79,0.055,-0.0022,-0.0022,-0.0022
345.5889,0.1625,0.79,0.055,-0.0022,-0.0022,-0.0022
345.6,0.1625,0.79,0.055,-0.0022,-0.0022,-0.0022
345.6111,0.1625,0.79,0.055,-0.0022,-0.0022,-0.0022
345.6222,0.1625,0.79,0.055,-0.0022,-0.0022,-0.0022
345.6333,0.1625,0.79,0.055,-0.0022,-0.0022,-0.0022
345.6444,0.1625,0.79,0.055,-0.0022,-0.0022,-0.0022
345.6556,0.1625,0.79,0.055,-0.0022,-0.0022,-0.0022
345.6667,0.1625,0.79,0.055,-0.0022,-0.0022,-0.0022
345.6778,0.1625,0.79,0.055,-0.0022,-0.0022,-0.0022
345.6889,0.1625,0.79,0.055,-0.0022,-0.0022,-0.0022
345.7,0.1625,0.79,0.055,-0.0022,-0.0022,-0.0022
345.7111,0.1625,0.79,0.055,-0.0022,-0.0022,-0.0022
345.7222,0.1625,0.79,0.055,-0.0022,-0.0022,-0.0022
345.7333,0.1625,0.79,0.055,-0.0022,-0.0022,-0.0022
345.7444,0.1625,0.79,0.055,-0.0022,-0.0022,-0.0022
345.7556,0.1625,0.79,0.055,-0.0022,-0.0022,-0.0022
345.7667,0.1625,0.79,0.055,-0.0022,-0.0022,-0.0022
345.7778,0.1625,0.79,0.055,-0.0022,-0.0022,-0.0022
345.7889,0.1625,0.79,0.055,-0.0022,-0.0022,-0.0022
345.8,0.1625,0.79,0.055,-0.0022,-0.0022,-0.0022
345.8111,0.1625,0.79,0.055,-0.0022,-0.0022,-0.0022
345.8222,0.1625,0.79,0.055,-0.0022,-0.0022,-0.0022
345.8333,0.1625,0.79,0.055,-0.0022,-0.0022,-0.0022
345.8445,0.1625,0.79,0.055,-0.0022,-0.0022,-0.0022
345.8556,0.1625,0.79,0.055,-0.0022,-0.0022,-0.0022
345.8667,0.1625,0.79,0.055,-0.0022,-0.0022,-0.0022
345.8778,0.1625,0.79,0.055,-0.0022,-0.0022,-0.0022
345.8889,0.1625,0.79,0.055,-0.0022,-0.0022,-0.0022
345.9,0.1625,0.79,0.055,-0.0022,-0.0022,-0.0022
345.9111,0.1625,0.79,0.055,-0.0022,-0.0022,-0.0022
345.9222,0.1625,0.79,0.055,-0.0022,-0.0022,-0.0022
345.9333,0.1625,0.79,0.055,-0.0022,-0.0022,-0.0022
345.9445,0.1625,0.79,0.055,-0.0022,-0.0022,-0.0022
345.9556,0.1625,0.79,0.055,-0.0022,-0.0022,-0.0022
345.9667,0.1625,0.79,0.055,-0.0022,-0.0022,-0.0022
345.9778,0.1625,0.79,0.055,-0.0022,-0.0022,-0.0022
345.9889,0.1625,0.79,0.055,-0.0022,-0.0022,-0.0022
346.0,0.1625,0.79,0.055,-0.0022,-0.0022,-0.0022
346.0111,0.1625,0.79,0.055,-0.0022,-0.0022,-0.0022
346.0222,0.1625,0.79,0.055,-0.0022,-0.0022,-0.0022
346.0334,0.1625,0.79,0.055,-0.0022,-0.0022,-0.0022
346.0445,0.1625,0.79,0.055,-0.0022,-0.0022,-0.0022
346.0556,0.1625,0.79,0.055,-0.0022,-0.0022,-0.0022
346.0667,0.1625,0.79,0.055,-0.0022,-0.0022,-0.0022
346.0778,0.1625,0.79,0.055,-0.0022,-0.0022,-0.0022
346.0889,0.1625,0.79,0.055,-0.0022,-0.0022,-0.0022
346.1,0.1625,0.79,0.055,-0.0022,-0.0022,-0.0022
346.1111,0.1625,0.79,0.055,-0.0022,-0.0022,-0.0022
346.1222,0.1625,0.79,0.055,-0.0022,-0.0022,-0.0022
346.1333,0.1625,0.79,0.055,-0.0022,-0.0022,-0.0022
346.1444,0.1625,0.79,0.055,-0.0022,-0.0022,-0.0022
346.1556,0.1625,0.79,0.055,-0.0022,-0.0022,-0.0022
346.1667,0.1625,0.79,0.055,-0.0022,-0.0022,-0.0022
346.1778,0.1625,0.79,0.055,-0.0022,-0.0022,-0.0022
346.1889,0.1625,0.79,0.055,-0.0022,-0.0022,-0.0022
346.2,0.1625,0.79,0.055,-0.0022,-0.0022,-0.0022
346.2111,0.1625,0.79,0.055,-0.0022,-0.0022,-0.0022
346.2222,0.1625,0.79,0.055,-0.0022,-0.0022,-0.0022
346.2333,0.1625,0.79,0.055,-0.0022,-0.0022,-0.0022
346.2444,0.1625,0.79,0.055,-0.0022,-0.0022,-0.0022
346.2556,0.1625,0.79,0.055,-0.0022,-0.0022,-0.0022
346.2667,0.1625,0.79,0.055,-0.0022,-0.0022,-0.0022
346.2778,0.1625,0.79,0.055,-0.0022,-0.0022,-0.0022
346.2889,0.1625,0.79,0.055,-0.0022,-0.0022,-0.0022
346.3,0.1625,0.79,0.055,-0.0022,-0.0022,-0.0022
346.3111,0.1625,0.79,0.055,-0.0022,-0.0022,-0.0022
346.3222,0.1625,0.79,0.055,-0.0022,-0.0022,-0.0022
346.3333,0.1625,0.79,0.055,-0.0022,-0.0022,-0.0022
346.3445,0.1625,0.79,0.055,-0.0022,-0.0022,-0.0022
346.3556,0.1625,0.79,0.055,-0.0022,-0.0022,-0.0022
346.3667,0.1625,0.79,0.055,-0.0022,-0.0022,-0.0022
346.3778,0.1625,0.79,0.055,-0.0022,-0.0022,-0.0022
346.3889,0.1625,0.79,0.055,-0.0022,-0.0022,-0.0022
346.4,0.1625,0.79,0.055,-0.0022,-0.0022,-0.0022
346.4111,0.1625,0.79,0.055,-0.0022,-0.0022,-0.0022
346.4222,0.1625,0.79,0.055,-0.0022,-0.0022,-0.0022
346.4333,0.1625,0.79,0.055,-0.0022,-0.0022,-0.0022
346.4445,0.1625,0.79,0.055,-0.0022,-0.0022,-0.0022
346.4556,0.1625,0.79,0.055,-0.0022,-0.0022,-0.0022
346.4667,0.1625,0.79,0.055,-0.0022,-0.0022,-0.0022
346.4778,0.1625,0.79,0.055,-0.0022,-0.0022,-0.0022
346.4889,0.1625,0.79,0.055,-0.0022,-0.0022,-0.0022
346.5,0.1625,0.79,0.055,-0.0022,-0.0022,-0.0022
346.5111,0.1625,0.79,0.055,-0.0022,-0.0022,-0.0022
346.5222,0.1625,0.79,0.055,-0.0022,-0.0022,-0.0022
346.5334,0.1625,0.79,0.055,-0.0022,-0.0022,-0.0022
346.5445,0.1625,0.79,0.055,-0.0022,-0.0022,-0.0022
346.5556,0.1625,0.79,0.055,-0.0022,-0.0022,-0.0022
346.5667,0.1625,0.79,0.055,-0.0022,-0.0022,-0.0022
346.5778,0.1625,0.79,0.055,-0.0022,-0.0022,-0.0022
346.5889,0.1625,0.79,0.055,-0.0022,-0.0022,-0.0022
346.6,0.1625,0.79,0.055,-0.0022,-0.0022,-0.0022
346.6111,0.1625,0.79,0.055,-0.0022,-0.0022,-0.0022
346.6222,0.1625,0.79,0.055,-0.0022,-0.0022,-0.0022
346.6333,0.1625,0.79,0.055,-0.0022,-0.0022,-0.0022
346.6444,0.1625,0.79,0.055,-0.0022,-0.0022,-0.0022
346.6556,0.1625,0.79,0.055,-0.0022,-0.0022,-0.0022
346.6667,0.1625,0.79,0.055,-0.0022,-0.0022,-0.0022
346.6778,0.1625,0.79,0.055,-0.0022,-0.0022,-0.0022
346.6889,0.1625,0.79,0.055,-0.0022,-0.0022,-0.0022
346.7,0.1625,0.79,0.055,-0.0022,-0.0022,-0.0022
346.7111,0.1625,0.79,0.055,-0.0022,-0.0022,-0.0022
346.7222,0.1625,0.79,0.055,-0.0022,-0.0022,-0.0022
346.7333,0.1625,0.79,0.055,-0.0022,-0.0022,-0.0022
346.7444,0.1625,0.79,0.055,-0.0022,-0.0022,-0.0022
346.7556,0.1625,0.79,0.055,-0.0022,-0.0022,-0.0022
346.7667,0.1625,0.79,0.055,-0.0022,-0.0022,-0.0022
346.7778,0.1625,0.79,0.055,-0.0022,-0.0022,-0.0022
346.7889,0.1625,0.79,0.055,-0.0022,-0.0022,-0.0022
346.8,0.1625,0.79,0.055,-0.0022,-0.0022,-0.0022
346.8111,0.1625,0.79,0.055,-0.0022,-0.0022,-0.0022
346.8222,0.1625,0.79,0.055,-0.0022,-0.0022,-0.0022
346.8333,0.1625,0.79,0.055,-0.0022,-0.0022,-0.0022
346.8445,0.1625,0.79,0.055,-0.0022,-0.0022,-0.0022
346.8556,0.1625,0.79,0.055,-0.0022,-0.0022,-0.0022
346.8667,0.1625,0.79,0.055,-0.0022,-0.0022,-0.0022
346.8778,0.1625,0.79,0.055,-0.0022,-0.0022,-0.0022
346.8889,0.1625,0.79,0.055,-0.0022,-0.0022,-0.0022
346.9,0.1625,0.79,0.055,-0.0022,-0.0022,-0.0022
346.9111,0.1625,0.79,0.055,-0.0022,-0.0022,-0.0022
346.9222,0.1625,0.79,0.055,-0.0022,-0.0022,-0.0022
346.9333,0.1625,0.79,0.055,-0.0022,-0.0022,-0.0022
346.9445,0.1625,0.79,0.055,-0.0022,-0.0022,-0.0022
346.9556,0.1625,0.79,0.055,-0.0022,-0.0022,-0.0022
346.9667,0.1625,0.79,0.055,-0.0022,-0.0022,-0.0022
346.9778,0.1625,0.79,0.055,-0.0022,-0.0022,-0.0022
346.9889,0.1625,0.79,0.055,-0.0022,-0.0022,-0.0022
347.0,0.1625,0.79,0.055,-0.0022,-0.0022,-0.0022
347.0111,0.1625,0.79,0.055,-0.0022,-0.0022,-0.0022
347.0222,0.1625,0.79,0.055,-0.0022,-0.0022,-0.0022
347.0334,0.1625,0.79,0.055,-0.0022,-0.0022,-0.0022
347.0445,0.1625,0.79,0.055,-0.0022,-0.0022,-0.0022
347.0556,0.1625,0.79,0.055,-0.0022,-0.0022,-0.0022
347.0667,0.1625,0.79,0.055,-0.0022,-0.0022,-0.0022
347.0778,0.1625,0.79,0.055,-0.0022,-0.0022,-0.0022
347.0889,0.1625,0.79,0.055,-0.0022,-0.0022,-0.0022
347.1,0.1625,0.79,0.055,-0.0022,-0.0022,-0.0022
347.1111,0.1625,0.79,0.055,-0.0022,-0.0022,-0.0022
347.1222,0.1625,0.79,0.055,-0.0022,-0.0022,-0.0022
347.1333,0.1625,0.79,0.055,-0.0022,-0.0022,-0.0022
347.1444,0.1625,0.79,0.055,-0.0022,-0.0022,-0.0022
347.1556,0.1625,0.79,0.055,-0.0022,-0.0022,-0.0022
347.1667,0.1625,0.79,0.055,-0.0022,-0.0022,-0.0022
347.1778,0.1625,0.79,0.055,-0.0022,-0.0022,-0.0022
347.1889,0.1625,0.79,0.055,-0.0022,-0.0022,-0.0022
347.2,0.1625,0.79,0.055,-0.0022,-0.0022,-0.0022
347.2111,0.1625,0.79,0.055,-0.0022,-0.0022,-0.0022
347.2222,0.1625,0.79,0.055,-0.0022,-0.0022,-0.0022
347.2333,0.1625,0.79,0.055,-0.0022,-0.0022,-0.0022
347.2444,0.1625,0.79,0.055,-0.0022,-0.0022,-0.0022
347.2556,0.1625,0.79,0.055,-0.0022,-0.0022,-0.0022
347.2667,0.1625,0.79,0.055,-0.0022,-0.0022,-0.0022
347.2778,0.1625,0.79,0.055,-0.0022,-0.0022,-0.0022
347.2889,0.1625,0.79,0.055,-0.0022,-0.0022,-0.0022
347.3,0.1625,0.79,0.055,-0.0022,-0.0022,-0.0022
347.3111,0.1625,0.79,0.055,-0.0022,-0.0022,-0.0022
347.3222,0.1625,0.79,0.055,-0.0022,-0.0022,-0.0022
347.3333,0.1625,0.79,0.055,-0.0022,-0.0022,-0.0022
347.3445,0.1625,0.79,0.055,-0.0022,-0.0022,-0.0022
347.3556,0.1625,0.79,0.055,-0.0022,-0.0022,-0.0022
347.3667,0.1625,0.79,0.055,-0.0022,-0.0022,-0.0022
347.3778,0.1625,0.79,0.055,-0.0022,-0.0022,-0.0022
347.3889,0.1625,0.79,0.055,-0.0022,-0.0022,-0.0022
347.4,0.1625,0.79,0.055,-0.0022,-0.0022,-0.0022
347.4111,0.1625,0.79,0.055,-0.0022,-0.0022,-0.0022
347.4222,0.1625,0.79,0.055,-0.0022,-0.0022,-0.0022
347.4333,0.1625,0.79,0.055,-0.0022,-0.0022,-0.0022
347.4445,0.1625,0.79,0.055,-0.0022,-0.0022,-0.0022
347.4556,0.1625,0.79,0.055,-0.0022,-0.0022,-0.0022
347.4667,0.1625,0.79,0.055,-0.0022,-0.0022,-0.0022
347.4778,0.1625,0.79,0.055,-0.0022,-0.0022,-0.0022
347.4889,0.1625,0.79,0.055,-0.0022,-0.0022,-0.0022
347.5,0.1625,0.79,0.055,-0.0022,-0.0022,-0.0022
347.5111,0.1625,0.79,0.055,-0.0022,-0.0022,-0.0022
347.5222,0.1625,0.79,0.055,-0.0022,-0.0022,-0.0022
347.5334,0.1625,0.79,0.055,-0.0022,-0.0022,-0.0022
347.5445,0.1625,0.79,0.055,-0.0022,-0.0022,-0.0022
347.5556,0.1625,0.79,0.055,-0.0022,-0.0022,-0.0022
347.5667,0.1625,0.79,0.055,-0.0022,-0.0022,-0.0022
347.5778,0.1625,0.79,0.055,-0.0022,-0.0022,-0.0022
347.5889,0.1625,0.79,0.055,-0.0022,-0.0022,-0.0022
347.6,0.1625,0.79,0.055,-0.0022,-0.0022,-0.0022
347.6111,0.1625,0.79,0.055,-0.0022,-0.0022,-0.0022
347.6222,0.1625,0.79,0.055,-0.0022,-0.0022,-0.0022
347.6333,0.1625,0.79,0.055,-0.0022,-0.0022,-0.0022
347.6444,0.1625,0.79,0.055,-0.0022,-0.0022,-0.0022
347.6556,0.1625,0.79,0.055,-0.0022,-0.0022,-0.0022
347.6667,0.1625,0.79,0.055,-0.0022,-0.0022,-0.0022
347.6778,0.1625,0.79,0.055,-0.0022,-0.0022,-0.0022
347.6889,0.1625,0.79,0.055,-0.0022,-0.0022,-0.0022
347.7,0.1625,0.79,0.055,-0.0022,-0.0022,-0.0022
347.7111,0.1625,0.79,0.055,-0.0022,-0.0022,-0.0022
347.7222,0.1625,0.79,0.055,-0.0022,-0.0022,-0.0022
347.7333,0.1625,0.79,0.055,-0.0022,-0.0022,-0.0022
347.7444,0.1625,0.79,0.055,-0.0022,-0.0022,-0.0022
347.7556,0.1625,0.79,0.055,-0.0022,-0.0022,-0.0022
347.7667,0.1625,0.79,0.055,-0.0022,-0.0022,-0.0022
347.7778,0.1625,0.79,0.055,-0.0022,-0.0022,-0.0022
347.7889,0.1625,0.79,0.055,-0.0022,-0.0022,-0.0022
