time,pos_x,pos_y,pos_z,rot_x,rot_y,rot_z
762.2444,0.2771,0.7912,-0.5102,35.0709,54.4802,84.6999
762.2556,0.2771,0.7912,-0.5103,35.0582,54.424,84.7507
762.2667,0.2772,0.7911,-0.5105,35.0369,54.376999999999995,84.7574
762.2778,0.2771,0.7909,-0.5106,34.96,54.403999999999996,84.7822
762.2889,0.2772,0.7909,-0.5107,34.9618,54.4363,84.7716
762.3,0.2774,0.7908,-0.5107,35.0661,54.4755,84.7949
762.3112,0.2774,0.7908,-0.5107,35.1681,54.4948,84.8366
762.3223,0.2773,0.7908,-0.5108,35.2655,54.4621,84.8807
762.3334,0.2772,0.7909999999999999,-0.5107,35.3255,54.4177,84.917
762.3445,0.2772,0.7909999999999999,-0.5108,35.2796,54.3483,84.9387
762.3556,0.2772,0.7909,-0.5106,35.183,54.3336,84.9488
762.3667,0.27699999999999997,0.7909999999999999,-0.5107,35.0999,54.369,84.9716
762.3778,0.27699999999999997,0.7909999999999999,-0.5107,35.0571,54.3535,84.9813
762.3889,0.27699999999999997,0.7909999999999999,-0.5107,35.0634,54.3264,84.9878
762.4,0.27699999999999997,0.7909999999999999,-0.5107,35.0937,54.3245,84.9868
762.4111,0.27699999999999997,0.7909999999999999,-0.5107,35.1434,54.3103,84.976
762.4222,0.27699999999999997,0.7909999999999999,-0.5105,35.1785,54.294,84.9523
762.4333,0.2771,0.7909999999999999,-0.5105,35.2016,54.2548,84.9211
762.4445,0.2771,0.7911,-0.5104,35.207,54.2234,84.8951
762.4556,0.27699999999999997,0.7911,-0.5103,35.1689,54.2026,84.8919
762.4667,0.2771,0.7909999999999999,-0.5105,35.1489,54.167,84.8854
762.4778,0.2771,0.7909999999999999,-0.5105,35.1362,54.1578,84.9084
762.4889,0.2771,0.7909999999999999,-0.5105,35.1027,54.165,84.9668
762.5,0.2772,0.7911,-0.5105,35.0589,54.1666,85.0014
762.5111,0.2772,0.7911,-0.5104,35.0214,54.1992,85.0045
762.5222,0.2772,0.7909999999999999,-0.5103,35.0338,54.1947,85.0038
762.5333,0.2774,0.7909,-0.5104,35.0513,54.1846,85.0076
762.5444,0.2775,0.7908,-0.5103,35.0528,54.1659,85.0172
762.5556,0.2776,0.7908,-0.5104,35.0594,54.1525,85.0415
762.5667,0.2774,0.7911,-0.5105,35.0661,54.1463,85.0435
762.5778,0.2774,0.7909999999999999,-0.5107,35.0702,54.1842,85.0667
762.5889,0.2775,0.7909999999999999,-0.5107,35.0915,54.2044,85.0935
762.6,0.2776,0.7909,-0.5108,35.0842,54.2235,85.0996
762.6111,0.2777,0.7909,-0.5109,35.0668,54.2602,85.1247
762.6223,0.2777,0.7908,-0.5109,35.0239,54.3042,85.1406
762.6334,0.2776,0.7909,-0.511,35.007,54.3339,85.1532
762.6445,0.2775,0.7908,-0.5111,35.0288,54.3254,85.1393
762.6556,0.2775,0.7907,-0.5112,35.1393,54.2723,85.148
762.6667,0.2773,0.7907,-0.5115,35.231,54.2444,85.1673
762.6778,0.2774,0.7907,-0.5116,35.2563,54.231,85.1814
762.6889,0.2775,0.7907,-0.5117,35.2715,54.2315,85.20200000000001
762.7,0.2776,0.7906,-0.5118,35.2242,54.2621,85.2239
762.7111,0.2775,0.7906,-0.5119,35.1754,54.2981,85.2316
762.7222,0.2774,0.7905,-0.5119,35.1357,54.2959,85.2289
762.7333,0.2775,0.7905,-0.5119,35.1269,54.3035,85.2469
762.7444,0.2776,0.7906,-0.512,35.1969,54.2869,85.22200000000001
762.7556,0.2774,0.7904,-0.512,35.2253,54.2696,85.2273
762.7667,0.2774,0.7905,-0.5121,35.2287,54.2651,85.2435
762.7778,0.2775,0.7905,-0.5121,35.2057,54.2631,85.2554
762.7889,0.2775,0.7905,-0.5121,35.1635,54.2824,85.2822
762.8,0.2775,0.7904,-0.5121,35.1044,54.3385,85.3043
762.8112,0.2775,0.7904,-0.5121,35.0669,54.3928,85.3306
762.8223,0.2777,0.7904,-0.512,35.0919,54.4158,85.3399
762.8334,0.2778,0.7904,-0.5119,35.158,54.3967,85.3207
762.8445,0.2778,0.7905,-0.5119,35.193000000000005,54.376000000000005,85.2954
762.8556,0.2776,0.7904,-0.5121,35.1865,54.3491,85.2583
762.8667,0.2775,0.7906,-0.5121,35.1664,54.3312,85.2113
762.8778,0.2775,0.7906,-0.512,35.1232,54.3582,85.1988
762.8889,0.2775,0.7906,-0.512,35.1147,54.3964,85.197
762.9,0.2776,0.7905,-0.5121,35.1073,54.4041,85.2114
762.9111,0.2775,0.7905,-0.512,35.1213,54.3704,85.2051
762.9222,0.2775,0.7905,-0.512,35.1089,54.3418,85.189
762.9333,0.2775,0.7906,-0.512,35.1253,54.2839,85.1659
762.9445,0.2775,0.7905,-0.512,35.1561,54.2685,85.1241
762.9556,0.2776,0.7906,-0.5119,35.1826,54.2355,85.0862
762.9667,0.2775,0.7907,-0.5119,35.1738,54.2466,85.0746
762.9778,0.2775,0.7907,-0.512,35.1306,54.2584,85.0798
762.9889,0.2776,0.7907,-0.512,35.1219,54.2395,85.0888
763.0,0.2776,0.7907,-0.5121,35.1117,54.2018,85.0907
763.0111,0.2775,0.7907,-0.512,35.1169,54.2062,85.11200000000001
763.0222,0.2774,0.7906,-0.5121,35.1392,54.2113,85.124
763.0333,0.2776,0.7905,-0.5123,35.186,54.2265,85.1044
763.0444,0.2775,0.7904,-0.5123,35.2256,54.2181,85.0904
763.0556,0.2774,0.7903,-0.5124,35.2801,54.1814,85.0659
763.0667,0.2773,0.7905,-0.5124,35.3101,54.1151,85.0192
763.0778,0.2772,0.7903,-0.5123,35.3303,54.1145,85.0344
763.0889,0.2774,0.7903,-0.5121,35.3241,54.1196,85.0553
763.1,0.2774,0.7903,-0.5121,35.2561,54.1547,85.0906
763.1111,0.2774,0.7902,-0.5121,35.2026,54.1843,85.1056
763.1223,0.2774,0.7901,-0.5121,35.1772,54.1927,85.1065
763.1334,0.2774,0.7901,-0.5122,35.2039,54.1885,85.098
763.1445,0.2775,0.7901,-0.5122,35.3055,54.1487,85.0477
763.1556,0.2773,0.7899,-0.5122,35.3758,54.0958,85.0199
763.1667,0.2775,0.7898,-0.5123,35.4044,54.0644,85.0216
763.1778,0.2776,0.7898,-0.5123,35.4148,54.0557,85.0228
763.1889,0.2775,0.7897,-0.5124,35.3647,54.0973,85.0589
763.2,0.2775,0.7898,-0.5124,35.2904,54.1489,85.0998
763.2111,0.2775,0.7897,-0.5124,35.249,54.2028,85.1182
763.2222,0.2774,0.7896,-0.5126,35.2646,54.2213,85.1176
763.2333,0.2773,0.7897,-0.5127,35.3125,54.1988,85.0973
763.2444,0.2773,0.7897,-0.5127,35.3902,54.1398,85.0668
763.2556,0.2774,0.7897,-0.5127,35.4073,54.1226,85.068
763.2667,0.2775,0.7898,-0.5127,35.3875,54.1276,85.0699
763.2778,0.2775,0.7897,-0.5127,35.3488,54.1548,85.0917
763.2889,0.2775,0.7897,-0.5128,35.3042,54.1648,85.0876
763.3,0.2775,0.7897,-0.5128,35.3042,54.1648,85.0876
763.3112,0.2774,0.7896,-0.5127,35.3128,54.2033,85.101
763.3223,0.2773,0.7896,-0.5129,35.3346,54.1911,85.07700000000001
763.3334,0.2774,0.7894,-0.513,35.3787,54.1512,85.0591
763.3445,0.2773,0.7893,-0.513,35.388000000000005,54.1473,85.0641
763.3556,0.2774,0.7892,-0.513,35.3672,54.1649,85.0694
763.3667,0.2773,0.7893,-0.513,35.3523,54.1985,85.0908
763.3778,0.2773,0.7892,-0.513,35.3583,54.218,85.111
763.3889,0.2775,0.7892,-0.5128,35.3739,54.2091,85.10799999999999
763.4,0.2775,0.7891,-0.5129,35.3934,54.2033,85.0969
763.4111,0.2776,0.7891,-0.513,35.4244,54.1899,85.0888
763.4222,0.2775,0.789,-0.5133,35.457,54.1844,85.0844
763.4333,0.2773,0.7891,-0.5134,35.4746,54.1931,85.0875
763.4445,0.2773,0.7891,-0.5134,35.4746,54.1931,85.0875
763.4556,0.2773,0.7891,-0.5134,35.5015,54.2238,85.1124
763.4667,0.2772,0.789,-0.5136,35.5033,54.2224,85.1322
763.4778,0.2773,0.7889,-0.5137,35.5282,54.203,85.1213
763.4889,0.2772,0.7888,-0.5136,35.5319,54.1853,85.1248
763.5,0.2773,0.7888,-0.5137,35.529,54.165,85.1214
763.5111,0.2773,0.7888,-0.5137,35.5462,54.1737,85.1167
763.5222,0.2773,0.7888,-0.5137,35.5687,54.1482,85.0935
763.5333,0.2774,0.7888,-0.5137,35.568000000000005,54.1334,85.0859
763.5444,0.2773,0.789,-0.5136,35.5422,54.1359,85.0956
763.5556,0.2772,0.789,-0.5136,35.5189,54.1434,85.1049
763.5667,0.2772,0.789,-0.5136,35.5084,54.1577,85.1073
763.5778,0.2773,0.789,-0.5136,35.4824,54.1588,85.0991
763.5889,0.2772,0.7889,-0.5135,35.4768,54.1446,85.0697
763.6,0.2772,0.7889,-0.5136,35.4825,54.1147,85.03200000000001
763.6111,0.2773,0.7889,-0.5137,35.5222,54.0804,84.9939
763.6223,0.2772,0.7888,-0.5136,35.5377,54.0693,84.9776
763.6334,0.2771,0.7888,-0.5137,35.5358,54.0873,84.9731
763.6445,0.27699999999999997,0.789,-0.5136,35.5345,54.0729,84.9637
763.6556,0.2771,0.789,-0.5136,35.5385,54.0368,84.9368
763.6667,0.2772,0.7891,-0.5135,35.5365,54.0232,84.9292
763.6778,0.2771,0.7893,-0.5134,35.5065,54.0076,84.9365
763.6889,0.2771,0.7893,-0.5133,35.4647,53.9824,84.9311
763.7,0.2772,0.7893,-0.5133,35.4171,53.9793,84.9146
763.7111,0.2772,0.7894,-0.5132,35.391,53.9784,84.9007
763.7222,0.2771,0.7893,-0.5132,35.3743,54.0091,84.905
763.7333,0.2771,0.7894,-0.5132,35.3945,54.0323,84.9172
763.7444,0.27699999999999997,0.7894,-0.5131,35.4349,54.0087,84.9062
763.7556,0.2769,0.7894,-0.5131,35.4536,54.0078,84.9267
763.7667,0.2768,0.7894,-0.5131,35.4742,53.9986,84.9394
763.7778,0.2768,0.7894,-0.5131,35.4862,53.9971,84.9557
763.7889,0.2768,0.7893,-0.5131,35.4833,54.0288,84.9991
763.8,0.2767,0.7893,-0.5131,35.4711,54.0663,85.0338
763.8112,0.2766,0.7893,-0.513,35.4621,54.0887,85.0716
763.8223,0.2766,0.7893,-0.513,35.4559,54.0755,85.0826
763.8334,0.2764,0.7893,-0.513,35.4611,54.0492,85.0918
763.8445,0.2763,0.7894,-0.5129,35.5046,54.0118,85.0894
763.8556,0.2761,0.7893,-0.5128,35.5317,53.9609,85.0896
763.8667,0.2758,0.7893,-0.5128,35.5409,53.9417,85.1082
763.8778,0.2756,0.7892,-0.5126,35.5743,53.9549,85.1335
763.8889,0.2752,0.7893,-0.5124,35.5853,53.9625,85.1712
763.9,0.2746,0.7894,-0.5119,35.6036,53.9274,85.1568
763.9111,0.2738,0.7894,-0.5113,35.6228,53.7908,85.0546
763.9222,0.2731,0.7895,-0.5105,35.6793,53.6144,84.9227
763.9333,0.2723,0.7895,-0.5097,35.7215,53.5067,84.7798
763.9445,0.2714,0.7895,-0.5089,35.7821,53.4365,84.6501
763.9556,0.2704,0.7895,-0.508,35.8325,53.3322,84.5061
763.9667,0.2693,0.7894,-0.507,35.8932,53.1316,84.2899
763.9778,0.268,0.7895,-0.5058,35.9658,52.8733,84.0491
763.9889,0.2667,0.7895,-0.5045,36.0569,52.6508,83.8189
764.0,0.2652,0.7895,-0.503,36.184,52.4752,83.6182
764.0111,0.2637,0.7895,-0.5015,36.259,52.3802,83.4563
764.0222,0.262,0.7895,-0.4998,36.3149,52.2917,83.2866
764.0333,0.2597,0.7897,-0.4981,36.3474,52.1751,83.1174
764.0444,0.2579,0.7897,-0.4963,36.4614,52.0209,82.9297
764.0556,0.2559,0.7898,-0.4944,36.6829,51.772,82.6538
764.0667,0.2541,0.79,-0.4923,36.8817,51.5357,82.3692
764.0778,0.2522,0.7902,-0.4903,37.1211,51.3629,82.1213
764.0889,0.2502,0.7904,-0.4883,37.3344,51.2624,81.9076
764.1,0.2482,0.7907,-0.4861,37.5169,51.1543,81.7022
764.1111,0.2462,0.7909999999999999,-0.4841,37.672,51.076,81.5237
764.1223,0.2441,0.7913,-0.48200000000000004,37.7887,50.9925,81.3786
764.1334,0.2421,0.7916,-0.48,37.8629,50.941,81.3016
764.1445,0.2402,0.7917,-0.478,37.9789,50.9465,81.2908
764.1556,0.2383,0.792,-0.47600000000000003,38.0847,50.9606,81.2507
764.1667,0.2365,0.7924,-0.4742,38.1241,50.7181,80.8895
764.1778,0.2345,0.7926,-0.4723,38.14,50.9953,80.9532
764.1889,0.2327,0.7929999999999999,-0.4705,38.2414,51.1939,81.1724
764.2,0.2311,0.7934,-0.4687,38.4125,51.2132,81.1957
764.2111,0.2293,0.7938,-0.4669,38.4947,51.3108,81.171
764.2222,0.2276,0.794,-0.4653,38.6166,51.5336,81.2766
764.2333,0.2261,0.7943,-0.4637,38.7607,51.6215,81.1437
764.2444,0.2244,0.7948,-0.4621,38.8901,52.0086,81.5097
764.2556,0.2231,0.7951,-0.4608,39.0145,52.1968,81.6524
764.2667,0.2217,0.7954,-0.4594,39.161,52.4515,81.8145
764.2778,0.2203,0.7958,-0.4582,39.3157,52.7357,81.9887
764.2889,0.2192,0.7959999999999999,-0.4571,39.3951,52.9751,82.1046
764.3,0.2182,0.7961,-0.4561,39.4544,53.1827,82.1985
764.3112,0.2175,0.7962,-0.4552,39.5633,53.3912,82.3385
764.3223,0.2167,0.7964,-0.4544,39.6583,53.6121,82.4354
764.3334,0.2163,0.7965,-0.4537,39.7257,53.7959,82.4448
764.3445,0.2157,0.7967,-0.4531,39.8266,54.0,82.5071
764.3556,0.2154,0.7969,-0.4527,39.9362,54.2209,82.6662
764.3667,0.2152,0.7968,-0.4523,40.0025,54.4069,82.8308
764.3778,0.2152,0.7968,-0.4521,40.1068,54.5236,82.9404
764.3889,0.2152,0.7967,-0.4521,40.2402,54.6627,83.0662
764.4,0.2152,0.7966,-0.4522,40.288000000000004,54.7953,83.07799999999999
764.4111,0.2152,0.7966,-0.4523,40.2546,55.0195,83.1838
764.4222,0.2153,0.7967,-0.4524,40.2888,55.2024,83.2487
764.4333,0.2153,0.7967,-0.4525,40.2138,55.3832,83.3082
764.4445,0.2154,0.7969,-0.4525,40.2038,55.5614,83.3535
764.4556,0.2156,0.797,-0.4525,40.2012,55.6738,83.3452
764.4667,0.2158,0.7971,-0.4525,40.1843,55.7833,83.3815
764.4778,0.2161,0.7971,-0.4526,40.1366,55.9044,83.4471
764.4889,0.2162,0.7972,-0.4527,40.0842,56.0043,83.54799999999999
764.5,0.2161,0.7973,-0.4525,40.0004,56.1336,83.6503
764.5111,0.2162,0.7974,-0.4525,39.8624,56.2845,83.7149
764.5222,0.2162,0.7976,-0.4523,39.8569,56.3754,83.7359
764.5333,0.21600000000000003,0.7977,-0.452,39.8306,56.5053,83.8033
764.5444,0.21600000000000003,0.7979,-0.4517,39.8088,56.6228,83.8679
764.5556,0.21600000000000003,0.7983,-0.4513,39.8727,56.6325,83.8729
764.5667,0.2155,0.7986,-0.4506,39.9123,56.6331,83.866
764.5778,0.2156,0.799,-0.4503,39.9205,56.5999,83.8643
764.5889,0.2154,0.7997,-0.4495,39.913000000000004,56.4759,83.8327
764.6,0.2149,0.8003,-0.4486,39.785,56.3086,83.8644
764.6111,0.2145,0.8011,-0.4478,39.4886,56.1255,83.8982
764.6223,0.2139,0.802,-0.4469,39.0885,55.961999999999996,83.8879
764.6334,0.213,0.8028,-0.4457,38.7011,55.7602,83.7933
764.6445,0.2125,0.8036,-0.4449,38.3477,55.5121,83.6504
764.6556,0.2116,0.8045,-0.4437,38.0734,55.0031,83.3772
764.6667,0.2103,0.8053,-0.4423,37.9937,54.5563,83.3533
764.6778,0.2091,0.8062,-0.4409,37.8888,54.0082,83.2573
764.6889,0.2079,0.8072,-0.4395,37.7173,53.5671,83.2626
764.7,0.2061,0.8082,-0.43799999999999994,37.4775,52.7923,82.9504
764.7111,0.2045,0.8093,-0.4364,37.17,52.3033,83.1066
764.7222,0.2028,0.8105,-0.4349,36.8158,51.4996,82.9789
764.7333,0.2011,0.8116,-0.4331,36.3884,50.9061,82.9849
764.7444,0.1993,0.8128,-0.4314,36.0139,50.205,82.9113
764.7556,0.1964,0.8132,-0.4289,35.5855,49.4253,82.67299999999999
764.7667,0.1941,0.8144,-0.42700000000000005,35.2976,48.7482,82.6552
764.7778,0.1918,0.8154,-0.425,35.1844,48.0823,82.6755
764.7889,0.1899,0.8169,-0.4232,35.0821,47.2285,82.3187
764.8,0.1874,0.8185,-0.4211,35.0,46.7922,82.4841
764.8112,0.1852,0.8199,-0.4193,34.8648,45.981,82.2971
764.8223,0.1826,0.8213,-0.4174,34.5692,45.4678,82.3551
764.8334,0.1801,0.8229,-0.4154,34.2338,44.7523,82.305
764.8445,0.1776,0.8242,-0.4134,33.8523,44.2331,82.4434
764.8556,0.1751,0.8256,-0.4117,33.5486,43.5991,82.5343
764.8667,0.1727,0.8271,-0.4098,33.2908,43.0381,82.6546
764.8778,0.1703,0.8282,-0.4078,32.9872,42.4421,82.4961
764.8889,0.1675,0.8292,-0.4058,32.7145,42.1326,82.7844
764.9,0.165,0.8307,-0.4042,32.5589,41.6912,82.8144
764.9111,0.1625,0.8319,-0.4024,32.3728,41.3199,82.9738
764.9222,0.1601,0.833,-0.4006,32.2014,40.8735,83.1901
764.9333,0.1578,0.8341,-0.3989,31.9707,40.3151,83.2738
764.9445,0.1556,0.835,-0.3973,31.6976,39.8078,83.3194
764.9556,0.1532,0.8357,-0.3958,31.3903,39.4455,83.5153
764.9667,0.1513,0.8368,-0.3944,31.1771,38.931,83.4292
764.9778,0.1495,0.8375,-0.3932,31.0109,38.6889,83.5847
764.9889,0.1484,0.8387,-0.3922,30.9501,38.3135,83.7049
765.0,0.1465,0.8398,-0.3909,30.8427,38.0077,83.8898
765.0111,0.1449,0.8405,-0.3893,30.6767,37.6827,84.0183
765.0222,0.1432,0.841,-0.3883,30.4736,37.3244,84.1977
765.0333,0.1421,0.8415,-0.3874,30.2816,36.9139,84.2303
765.0444,0.1409,0.8420000000000001,-0.3866,30.0205,36.6965,84.4867
765.0556,0.1397,0.8426,-0.3857,29.8754,36.4799,84.7246
765.0667,0.1385,0.8432,-0.385,29.7381,36.3637,84.9251
765.0778,0.1374,0.8436,-0.3842,29.5879,36.0724,84.8069
765.0889,0.1362,0.8436,-0.3836,29.4107,35.8827,84.902
765.1,0.1354,0.8435,-0.3832,29.3876,35.766,85.0525
765.1111,0.1345,0.8435,-0.3827,29.47,35.5378,85.0496
765.1223,0.1336,0.8436,-0.3823,29.5311,35.3668,85.1167
765.1334,0.1326,0.8439,-0.3818,29.6326,35.28,85.2916
765.1445,0.1319,0.8439,-0.3815,29.5931,35.2586,85.5659
765.1556,0.1313,0.8437,-0.3811,29.5452,35.181,85.6358
765.1667,0.1305,0.8436,-0.3807,29.5385,35.0823,85.6085
765.1778,0.1301,0.8432,-0.3806,29.7221,35.0311,85.554
765.1889,0.1296,0.8429,-0.3804,29.8995,35.0044,85.6338
765.2,0.1293,0.8427,-0.3803,30.0769,35.0007,85.6774
765.2111,0.1289,0.8425,-0.38,30.173000000000002,35.0342,85.7478
765.2222,0.1286,0.8425,-0.38,30.1558,35.0172,85.7598
765.2333,0.1284,0.8421,-0.3801,30.1304,35.0579,85.8477
765.2444,0.128,0.8418,-0.3797,30.0354,35.097,85.9034
765.2556,0.1276,0.8414,-0.3798,29.9734,35.0571,85.8534
765.2667,0.1276,0.841,-0.3797,30.0254,35.0638,85.8083
765.2778,0.1277,0.8407,-0.3796,30.1174,35.0748,85.7657
765.2889,0.1279,0.8405,-0.3796,30.3399,35.0221,85.7163
765.3,0.1283,0.8403,-0.3795,30.4915,35.0313,85.7259
765.3112,0.1286,0.8401,-0.3794,30.5144,35.107,85.7672
765.3223,0.1289,0.8401,-0.3793,30.5073,35.1355,85.8036
765.3334,0.1293,0.8402,-0.3793,30.2725,35.2181,85.9116
765.3445,0.1299,0.8401,-0.3791,30.1561,35.2434,85.9048
765.3556,0.1304,0.84,-0.3794,30.0078,35.2233,85.8345
765.3667,0.1313,0.8397,-0.3796,29.8757,35.1923,85.6806
765.3778,0.1324,0.8394,-0.38,29.8056,35.2093,85.4452
765.3889,0.1336,0.8392,-0.3803,29.8892,35.1885,85.1563
765.4,0.1345,0.8392,-0.3806,30.0341,35.1962,84.943
765.4111,0.1359,0.8391,-0.3809,30.2675,35.2113,84.7264
765.4222,0.1371,0.8390000000000001,-0.3814,30.4312,35.2371,84.5131
765.4333,0.1384,0.8389,-0.3818,30.5763,35.2808,84.2558
765.4445,0.1401,0.8386,-0.3822,30.7208,35.3154,83.9668
765.4556,0.142,0.8384,-0.3824,30.8883,35.309,83.648
765.4667,0.1436,0.8384,-0.3827,30.954,35.4924,83.4303
765.4778,0.1452,0.8381,-0.3831,31.0218,35.7849,83.2047
765.4889,0.147,0.8379,-0.3833,31.1778,35.993,82.948
765.5,0.1486,0.8378,-0.3836,31.316,36.2935,82.7461
765.5111,0.1498,0.8377,-0.3837,31.4702,36.5333,82.5082
765.5222,0.151,0.8377,-0.3836,31.6448,36.8399,82.3359
765.5333,0.151,0.8377,-0.3836,31.6448,36.8399,82.3359
765.5444,0.152,0.838,-0.3833,31.7694,37.2004,82.1832
765.5556,0.153,0.838,-0.38299999999999995,31.8858,37.528,82.0275
765.5667,0.1541,0.8383,-0.3821,31.951999999999998,37.9403,81.9433
765.5778,0.1551,0.8385,-0.3813,31.9646,38.4089,81.8796
765.5889,0.1556,0.8387,-0.3805,31.9324,38.925,81.8556
765.6,0.1562,0.8390000000000001,-0.3795,31.9271,39.4463,81.8222
765.6111,0.1565,0.8393,-0.3783,31.9342,40.0606,81.8572
765.6223,0.1568,0.8399,-0.3768,31.9446,40.6082,81.8922
765.6334,0.1568,0.8403,-0.3751,32.0067,41.0815,81.9339
765.6445,0.1567,0.8407,-0.3735,32.0514,41.5974,81.9905
765.6556,0.1561,0.841,-0.3716,32.0892,42.122,82.01799999999999
765.6667,0.1557,0.8413,-0.3696,32.1954,42.676,82.101
765.6778,0.155,0.8415,-0.3676,32.3312,43.2251,82.2338
765.6889,0.1542,0.8419,-0.3655,32.5207,43.6309,82.2054
765.7,0.1532,0.8424,-0.3629,32.8074,44.0445,82.3338
765.7111,0.1519,0.843,-0.3602,33.054,44.4261,82.5322
765.7222,0.1509,0.8437,-0.3575,33.1828,44.771,82.5219
765.7333,0.1492,0.8441,-0.3544,33.1967,45.2917,82.6535
765.7444,0.1475,0.8446,-0.3512,33.1705,45.9217,82.9551
765.7556,0.1456,0.8449,-0.3481,33.0752,46.2373,82.8074
765.7667,0.1439,0.8451,-0.3449,33.0327,46.6477,82.8299
765.7778,0.1422,0.8453,-0.3416,33.1225,47.0719,83.1838
765.7889,0.1405,0.8459,-0.3385,33.4687,47.3322,83.3866
765.8,0.1388,0.8464,-0.3353,33.8371,47.4639,83.2743
765.8112,0.13699999999999998,0.847,-0.3319,34.0574,47.9306,83.5407
765.8223,0.1352,0.8474,-0.3283,34.143,48.2202,83.6834
765.8334,0.1331,0.8479,-0.3251,34.0988,48.5946,83.8659
765.8445,0.1309,0.8485,-0.3215,34.0334,49.1755,84.243
765.8556,0.1288,0.8487,-0.318,34.0191,49.5868,84.5304
765.8667,0.1266,0.8492,-0.3147,33.9873,49.9317,84.7479
765.8778,0.1243,0.8498,-0.3109,33.9981,50.4718,85.26700000000001
765.8889,0.1221,0.8503,-0.3074,33.9572,50.8307,85.5677
765.9,0.1199,0.8506,-0.3038,33.8975,51.0986,85.744
765.9111,0.1177,0.8509,-0.2999,33.8129,51.5349,86.146
765.9222,0.1154,0.851,-0.2962,33.6366,51.9187,86.4401
765.9333,0.1131,0.8512,-0.2925,33.5844,52.3764,86.7661
765.9445,0.1108,0.8515,-0.2887,33.6225,52.8169,87.1123
765.9556,0.1086,0.8519,-0.2851,33.7222,53.1215,87.2611
765.9667,0.1064,0.8523,-0.2814,33.7643,53.5026,87.7085
765.9778,0.1042,0.8528,-0.2776,33.7449,53.8017,87.9469
765.9889,0.1022,0.8531,-0.2739,33.7056,54.0632,88.0365
766.0,0.1,0.8533,-0.2701,33.4882,54.5696,88.37
766.0111,0.0976,0.8538,-0.2664,33.3036,55.4495,89.2573
766.0222,0.0953,0.8540000000000001,-0.2631,33.0744,55.79,89.3937
766.0333,0.09300000000000001,0.8543,-0.2597,32.8814,56.0628,89.5166
766.0444,0.0902,0.8545,-0.256,32.6572,56.9415,90.3745
766.0556,0.0876,0.8546,-0.2525,32.4639,57.6131,91.0466
766.0667,0.0854,0.8547,-0.2489,32.3672,58.0692,91.4476
766.0778,0.0831,0.8547,-0.2457,32.3828,58.5468,91.6806
766.0889,0.0807,0.8548,-0.2426,32.3669,59.0901,91.87100000000001
766.1,0.0785,0.8548,-0.2394,32.3337,59.5473,92.0653
766.1111,0.0763,0.8548,-0.2364,32.3966,60.0066,92.29899999999999
766.1223,0.0741,0.8549,-0.2334,32.5061,60.4425,92.6231
766.1334,0.0719,0.855,-0.2305,32.3945,60.8477,92.8962
766.1445,0.0696,0.8548,-0.2277,32.0267,61.2531,93.0883
766.1556,0.0674,0.8547,-0.2251,31.7891,61.6817,93.3007
766.1667,0.0651,0.8547,-0.2226,31.7488,62.1507,93.5574
766.1778,0.0631,0.8545,-0.2203,31.8623,62.6209,93.7763
766.1889,0.061,0.8545,-0.2181,32.0843,63.0953,93.9667
766.2,0.059000000000000004,0.8544,-0.21600000000000003,32.2608,63.5174,94.1067
766.2111,0.0569,0.8544,-0.214,32.4704,63.9953,94.2818
766.2222,0.0549,0.8542,-0.2122,32.5536,64.3157,94.4754
766.2333,0.0532,0.8540000000000001,-0.2107,32.6443,64.5738,94.6911
766.2444,0.0514,0.8538,-0.2093,32.6817,64.8162,94.8566
766.2556,0.0498,0.8536,-0.2079,32.7484,65.1689,95.0766
766.2667,0.0483,0.8534,-0.2067,32.8497,65.5774,95.4176
766.2778,0.047,0.853,-0.2056,32.9039,65.8481,95.6732
766.2889,0.0461,0.8526,-0.2046,33.1242,66.0623,95.7666
766.3,0.0453,0.8521,-0.2037,33.4567,66.3126,95.8307
766.3112,0.0444,0.8518,-0.2029,33.7227,66.5866,96.0253
766.3223,0.0437,0.8516,-0.2023,33.969,66.7757,96.241
766.3334,0.0435,0.8514,-0.2018,34.1601,66.7457,96.3468
766.3445,0.0431,0.8512,-0.2011,34.0826,66.7357,96.4056
766.3556,0.0433,0.8507,-0.2007,33.9057,66.6898,96.3605
766.3667,0.0435,0.8503,-0.2002,33.9057,66.6612,96.3003
766.3778,0.0442,0.8496,-0.2,33.8943,66.524,96.1302
766.3889,0.0448,0.8492,-0.1999,33.9857,66.1786,95.9028
766.4,0.0453,0.8488,-0.1999,34.0838,65.8271,95.7103
766.4111,0.0457,0.8485,-0.1999,34.1232,65.4529,95.5395
766.4222,0.0463,0.8482,-0.1999,34.1665,65.1492,95.4185
766.4333,0.0468,0.8479,-0.1998,34.1121,64.8802,95.2817
766.4445,0.0477,0.8475,-0.2,34.0472,64.6032,95.0335
766.4556,0.0481,0.8474,-0.1999,33.9407,64.4928,94.9009
766.4667,0.0484,0.8472,-0.2,33.8094,64.3605,94.8749
766.4778,0.0489,0.847,-0.2002,33.6893,64.1835,94.8445
766.4889,0.049,0.847,-0.2003,33.5454,64.0754,94.8453
766.5,0.049,0.847,-0.2001,33.3565,64.0451,94.8065
766.5111,0.0493,0.8466,-0.2002,33.1867,63.8945,94.7341
766.5222,0.0492,0.8465,-0.2002,33.1094,63.6905,94.6894
766.5333,0.0491,0.8465,-0.1999,33.1449,63.3899,94.7194
766.5444,0.0484,0.8464,-0.1997,33.14,63.2517,94.8276
766.5556,0.0477,0.8466,-0.1996,33.117,63.3122,94.9958
766.5667,0.0469,0.8467,-0.1995,33.1776,63.4089,95.1373
766.5778,0.0457,0.8468,-0.1991,33.3914,63.826,95.3557
766.5889,0.0448,0.847,-0.1988,33.4931,63.922,95.5377
766.6,0.0439,0.8469,-0.1981,33.3672,63.6921,95.7483
766.6111,0.0427,0.8465,-0.1978,32.8864,63.354,95.9362
766.6223,0.0417,0.8466,-0.1976,32.52,63.053999999999995,96.0562
766.6334,0.0402,0.8467,-0.1972,32.1931,62.9575,96.1723
766.6445,0.0383,0.8469,-0.1967,31.9936,62.9845,96.2479
766.6556,0.0366,0.8472,-0.1963,32.0263,62.8752,96.2481
766.6667,0.035,0.8474,-0.1958,32.1155,62.655,96.2117
766.6778,0.0334,0.8472,-0.1953,32.2564,62.4538,96.2853
766.6889,0.0319,0.8472,-0.1947,32.3612,62.3604,96.6076
766.7,0.0302,0.8473,-0.1942,32.260999999999996,62.3109,96.9279
766.7111,0.0284,0.8475,-0.1935,31.9827,62.2595,97.074
766.7222,0.0267,0.8476,-0.193,31.6327,62.2149,97.2383
766.7333,0.0249,0.8475,-0.1926,31.2699,62.0928,97.3369
766.7444,0.0231,0.8472,-0.1922,31.0185,62.0221,97.3446
766.7556,0.0215,0.8471,-0.1918,31.2653,62.0738,97.419
766.7667,0.0197,0.8471,-0.1916,31.6637,62.1064,97.4907
766.7778,0.0178,0.847,-0.1906,32.0247,62.1336,97.6755
766.7889,0.0162,0.8471,-0.1901,32.2202,62.1095,97.8518
766.8,0.0147,0.8472,-0.1895,32.2044,62.037,98.042
766.8112,0.0131,0.847,-0.18899999999999997,31.951999999999998,61.9036,98.04700000000001
766.8223,0.0117,0.8467,-0.1887,31.6842,61.8127,97.995
766.8334,0.0103,0.8465,-0.1885,31.5996,61.8603,98.0407
766.8445,0.0087,0.8466,-0.1881,31.627,62.0148,98.2199
766.8556,0.0072,0.8467,-0.1879,31.7749,62.166000000000004,98.3937
766.8667,0.0058,0.8467,-0.1881,31.8467,62.1863,98.5081
766.8778,0.0043,0.8466,-0.1879,31.9459,62.088,98.5629
766.8889,0.0031,0.8463,-0.1878,32.0104,61.9437,98.486
766.9,0.0019,0.846,-0.1874,32.1227,61.886,98.4574
766.9111,0.0009,0.8455,-0.187,32.3928,61.821999999999996,98.4586
766.9222,0.0001,0.8453,-0.1865,32.6599,61.7661,98.5204
766.9333,-0.0008,0.8449,-0.1862,32.7624,61.7148,98.542
766.9445,-0.0012,0.8449,-0.1862,32.8975,61.629,98.4943
766.9556,-0.0017,0.8449,-0.1861,32.8299,61.5873,98.5426
766.9667,-0.0025,0.8448,-0.1859,32.7223,61.544,98.6299
766.9778,-0.0033,0.8446,-0.1855,32.486999999999995,61.4722,98.697
766.9889,-0.0036,0.8446,-0.1853,32.3468,61.4263,98.6921
767.0,-0.0035,0.8444,-0.1854,32.2248,61.4598,98.68799999999999
767.0111,-0.0039,0.8443,-0.1853,32.1072,61.4063,98.6683
767.0222,-0.0039,0.8442,-0.1852,32.1903,61.1982,98.5964
767.0333,-0.0035,0.8441,-0.185,32.3421,60.8629,98.508
767.0444,-0.0033,0.8441,-0.1849,32.4189,60.5754,98.4254
767.0556,-0.0026,0.8438,-0.1849,32.3883,60.2511,98.2453
767.0667,-0.0019,0.8434,-0.1849,32.2877,60.0235,98.0425
767.0778,-0.0008,0.843,-0.1849,32.3526,59.7506,97.7604
767.0889,0.0005,0.8428,-0.185,32.4875,59.4183,97.4386
767.1,0.0019,0.8424,-0.1851,32.7219,59.0278,97.0978
767.1111,0.0032,0.8423,-0.1851,32.9175,58.7307,96.8137
767.1223,0.0077,0.8443,-0.1881,33.0013,58.4599,96.4526
767.1334,0.0093,0.8442,-0.1882,33.0749,58.2259,96.1067
767.1445,0.0108,0.8442,-0.1884,33.0485,58.1453,95.8545
767.1556,0.0125,0.8442,-0.1886,33.0115,58.0837,95.6477
767.1667,0.0142,0.8440000000000001,-0.1889,32.9963,58.0182,95.473
767.1778,0.016,0.8440000000000001,-0.18899999999999997,32.9558,58.0667,95.4256
767.1889,0.0181,0.8441,-0.1893,32.8949,58.0972,95.3569
767.2,0.0197,0.8442,-0.1894,32.7689,58.2485,95.3982
767.2111,0.0214,0.8444,-0.1894,32.6723,58.4298,95.4497
767.2222,0.023,0.8447,-0.1895,32.6197,58.6582,95.4123
767.2333,0.0247,0.8449,-0.1892,32.532,58.935,95.4229
767.2444,0.0261,0.8451,-0.1889,32.4938,59.3283,95.4386
767.2556,0.0276,0.8455,-0.1886,32.6248,59.6516,95.3738
767.2667,0.0289,0.8459,-0.1882,32.6122,60.0951,95.4732
767.2778,0.03,0.8464,-0.1877,32.4894,60.4689,95.6573
767.2889,0.0309,0.847,-0.1871,32.2832,60.8586,95.82600000000001
767.3,0.0315,0.8475,-0.1863,31.9477,61.3016,95.9036
767.3112,0.0321,0.848,-0.1857,31.6462,61.7344,95.949
767.3223,0.0324,0.8484,-0.1847,31.3003,62.2405,96.0471
767.3334,0.0328,0.8488,-0.1837,31.1302,62.7088,96.1965
767.3445,0.033,0.8494,-0.1824,31.1577,63.2515,96.4733
767.3556,0.0329,0.85,-0.18100000000000002,31.0902,63.8709,96.8008
767.3667,0.0329,0.8503,-0.1798,30.862,64.4015,97.0242
767.3778,0.0326,0.8507,-0.1785,30.6856,64.9667,97.2913
767.3889,0.0322,0.851,-0.1771,30.5179,65.5571,97.6089
767.4,0.0317,0.8514,-0.1754,30.2914,66.1509,97.9523
767.4111,0.0314,0.8516,-0.1737,30.0878,66.683,98.2715
767.4222,0.0308,0.8518,-0.172,29.7166,67.2633,98.6107
767.4333,0.0302,0.8518,-0.1704,29.3551,67.6959,98.8189
767.4445,0.0293,0.852,-0.1688,29.0685,67.9274,98.8559
767.4556,0.0283,0.8521,-0.1672,28.8327,68.0357,98.7919
767.4667,0.0273,0.8524,-0.1653,28.6797,68.2204,98.837
767.4778,0.0261,0.8526,-0.1632,28.6056,68.363,98.8536
767.4889,0.025,0.8529,-0.1611,28.4813,68.6075,98.9733
767.5,0.0235,0.8531,-0.1588,28.1631,68.8387,99.1023
767.5111,0.022000000000000002,0.8531,-0.1569,27.7665,68.9868,99.0942
767.5222,0.022000000000000002,0.8531,-0.1569,27.7665,68.9868,99.0942
767.5333,0.0191,0.8534,-0.1531,27.5026,69.1424,98.9607
767.5444,0.0175,0.8533,-0.1511,27.2476,69.1603,98.9194
767.5556,0.0161,0.8529,-0.1489,27.0304,69.6486,99.4779
767.5667,0.0146,0.8527,-0.1473,26.8334,69.9913,99.8507
767.5778,0.0129,0.852,-0.1453,26.4177,70.7964,100.5839
767.5889,0.0129,0.852,-0.1453,26.4177,70.7964,100.5839
767.6,0.0114,0.8517,-0.1438,26.1555,71.181,101.0209
767.6111,0.0083,0.8509,-0.1407,26.38,71.5485,100.9769
767.6223,0.0083,0.8509,-0.1407,26.38,71.5485,100.9769
767.6334,0.0067,0.8503,-0.1391,26.4697,71.7213,101.1412
767.6445,0.0053,0.8499,-0.1373,26.5405,71.8394,101.4021
767.6556,0.0041,0.8495,-0.1355,26.5525,71.82600000000001,101.7448
767.6667,0.0025,0.8490000000000001,-0.1337,26.2657,71.9804,102.0205
767.6778,0.0007,0.8490000000000001,-0.1321,26.0189,72.1437,102.2213
767.6889,-0.0008,0.8488,-0.1308,25.9196,72.2406,102.2429
767.7,-0.0024,0.8484,-0.1298,25.7289,72.3469,102.2694
767.7111,-0.004,0.8479,-0.1288,25.5118,72.3895,102.2136
767.7222,-0.0056,0.8471,-0.1276,25.6104,72.5463,102.3893
767.7333,-0.006999999999999999,0.8464,-0.1266,25.7555,72.6736,102.6144
767.7444,-0.0083,0.8461,-0.1257,26.1104,72.8551,102.7701
767.7556,-0.0098,0.8456,-0.1246,26.305999999999997,73.0276,103.0026
767.7667,-0.0111,0.8452,-0.1238,26.2982,73.1411,103.259
767.7778,-0.0121,0.8446,-0.1232,26.2341,73.2177,103.3555
767.7889,-0.0135,0.8440000000000001,-0.1224,26.1813,73.3781,103.3602
767.8,-0.0145,0.8436,-0.1218,26.2088,73.4198,103.4293
767.8112,-0.0155,0.8431,-0.1214,26.2494,73.5082,103.665
767.8223,-0.0165,0.8428,-0.1209,26.0574,73.5368,103.8654
767.8334,-0.0173,0.8423,-0.1205,25.8801,73.564,103.8688
767.8445,-0.0179,0.8418,-0.1202,25.9383,73.5714,103.7553
767.8556,-0.0186,0.8413,-0.1198,26.0399,73.5307,103.7431
767.8667,-0.0191,0.8407,-0.1194,26.1342,73.4409,103.7984
767.8778,-0.0195,0.8405,-0.1189,26.3586,73.3424,103.9037
767.8889,-0.0201,0.8402,-0.1184,26.2646,73.2529,104.0067
767.9,-0.0203,0.84,-0.1182,25.8643,73.094,104.0733
767.9111,-0.0205,0.8395,-0.1181,25.5033,73.0119,104.0441
767.9222,-0.0208,0.8389,-0.11800000000000001,25.3311,72.9403,103.8804
767.9333,-0.0209,0.8388,-0.1184,25.6619,72.9072,103.78299999999999
767.9445,-0.0208,0.8390000000000001,-0.1187,26.1683,72.8285,103.7441
767.9556,-0.0207,0.8390000000000001,-0.1189,26.5707,72.62899999999999,103.6427
767.9667,-0.0205,0.8392,-0.1193,26.8357,72.4675,103.5348
767.9778,-0.0198,0.8392,-0.12,26.898000000000003,72.25399999999999,103.3285
767.9889,-0.0191,0.8394,-0.1208,27.0227,71.9897,102.9882
768.0,-0.0183,0.8396,-0.1216,27.1402,71.7257,102.729
768.0111,-0.0172,0.8398,-0.1225,27.1651,71.3584,102.5505
768.0222,-0.0165,0.8402,-0.1235,27.1098,71.0183,102.3547
768.0333,-0.0156,0.8406,-0.1246,27.0872,70.7061,102.0885
768.0444,-0.0145,0.8413,-0.1259,27.0923,70.5847,101.7273
768.0556,-0.0132,0.8418,-0.1273,27.3931,70.5316,101.2856
768.0667,-0.0117,0.8424,-0.1287,27.7434,70.5042,100.8881
768.0778,-0.0097,0.8427,-0.1304,28.2659,70.5118,100.5435
768.0889,-0.0076,0.8433,-0.1321,28.699,70.3308,100.3497
768.1,-0.0055,0.8437,-0.1338,28.6115,70.1198,100.3349
768.1111,-0.0035,0.8439,-0.1357,28.2235,69.9184,100.242
768.1223,-0.0012,0.8441,-0.1379,27.9574,69.8612,100.0861
768.1334,0.0012,0.8444,-0.1402,27.9366,69.8306,99.8843
768.1445,0.0035,0.8449,-0.1424,28.1674,70.168,99.97399999999999
768.1556,0.006,0.8455,-0.1449,28.555,70.3781,99.9635
768.1667,0.0086,0.8464,-0.1476,28.8249,70.5269,99.9281
768.1778,0.0112,0.8469,-0.1502,28.9285,70.5168,99.7629
768.1889,0.013999999999999999,0.8475,-0.1532,28.8666,70.3192,99.3421
768.2,0.017,0.848,-0.1563,28.8036,70.2024,99.0117
768.2111,0.0201,0.8483,-0.1594,28.8936,70.1583,98.927
768.2222,0.0233,0.8490000000000001,-0.1624,28.9718,70.1327,99.0205
768.2333,0.0265,0.8498,-0.1654,28.9488,70.0253,98.932
768.2444,0.0297,0.8502,-0.1683,28.6652,69.6968,98.63600000000001
768.2556,0.033,0.8507,-0.1714,28.2787,69.4114,98.2963
768.2667,0.0362,0.851,-0.1752,28.061,69.1949,97.8643
768.2778,0.0397,0.8512,-0.1792,28.0251,68.8619,97.1347
768.2889,0.0432,0.8514,-0.1832,28.2018,68.5999,96.5994
768.3,0.0472,0.8519,-0.1874,28.8071,68.5366,96.3975
768.3112,0.0507,0.8526,-0.1916,29.2762,68.433,96.491
768.3223,0.0545,0.8531,-0.1957,29.631,68.2758,96.6513
768.3334,0.0581,0.8534,-0.1999,29.7672,68.0397,96.6331
768.3445,0.0618,0.8536,-0.204,29.6957,67.6037,96.4265
768.3556,0.0657,0.8536,-0.2084,29.6314,67.1889,96.0663
768.3667,0.0696,0.8536,-0.213,29.6993,66.6183,95.4467
768.3778,0.0739,0.8534,-0.2177,29.7651,65.9147,94.8382
768.3889,0.0782,0.8531,-0.2223,29.7113,65.3031,94.3288
768.4,0.0822,0.8527,-0.2271,29.5344,64.906,94.0984
768.4111,0.0867,0.8519,-0.2322,29.3651,64.3531,93.9412
768.4222,0.0914,0.8514,-0.2374,29.5513,63.6126,93.5642
768.4333,0.0958,0.8508,-0.2426,29.8491,63.1075,93.3018
768.4445,0.1002,0.8505,-0.2475,30.1771,62.7412,93.2951
768.4556,0.1046,0.8503,-0.2526,30.4662,62.273,93.2
768.4667,0.109,0.8498,-0.2578,30.4651,61.7387,92.9573
768.4778,0.1136,0.8487,-0.2634,30.2329,60.9855,92.2962
768.4889,0.1181,0.8477,-0.2688,30.0925,60.2955,91.8227
768.5,0.1228,0.8468,-0.27399999999999997,30.1044,59.7465,91.4786
768.5111,0.1277,0.8459,-0.2796,30.3173,59.177,91.2923
768.5222,0.1322,0.8453,-0.2852,30.4042,58.5783,91.2289
768.5333,0.1364,0.8443,-0.2904,30.2058,57.9816,91.2115
768.5444,0.1408,0.8431,-0.2959,29.7914,57.3633,91.0063
768.5556,0.1477,0.8435,-0.3039,29.505,56.7243,90.5188
768.5667,0.1521,0.8419,-0.3099,29.5439,56.122,89.8265
768.5778,0.1563,0.8407,-0.3156,30.0517,55.5407,89.2466
768.5889,0.1609,0.84,-0.3214,30.7154,54.791000000000004,89.0152
768.6,0.1651,0.8393,-0.327,31.1572,54.0214,88.9891
768.6111,0.1695,0.8383,-0.3327,31.4043,53.2039,88.8224
768.6223,0.1739,0.8371,-0.3383,31.2591,52.3922,88.7061
768.6334,0.1782,0.8354,-0.3442,31.0299,51.7773,88.4227
768.6445,0.1826,0.8342,-0.35,30.9452,51.5266,88.1007
768.6556,0.1868,0.8329,-0.3558,30.8315,51.3008,87.8894
768.6667,0.1909,0.8315,-0.36200000000000004,30.815,50.9605,87.8692
768.6778,0.195,0.8305,-0.3678,31.0147,50.644,87.8506
768.6889,0.1991,0.8292,-0.3734,31.1138,50.0375,87.7317
768.7,0.2037,0.8278,-0.3787,31.3165,49.0678,87.4824
768.7111,0.2079,0.8262,-0.3836,31.2466,48.3113,87.3328
768.7222,0.212,0.8249,-0.3889,31.1234,47.6893,87.2092
768.7333,0.2159,0.8237,-0.3943,31.0905,47.2573,87.2204
768.7444,0.2198,0.8228,-0.3998,31.0278,46.9149,87.3297
768.7556,0.2235,0.8216,-0.4048,30.8909,46.6634,87.5508
768.7667,0.2272,0.8202,-0.4097,30.6766,46.4919,87.756
768.7778,0.2307,0.8189,-0.4151,30.4358,46.2975,87.8768
768.7889,0.2339,0.8172,-0.4201,30.2129,45.9991,87.9083
768.8,0.2373,0.8156,-0.4251,30.2155,45.4833,87.958
768.8112,0.2402,0.8142,-0.4302,30.2921,45.07899999999999,88.1185
768.8223,0.243,0.813,-0.4352,30.384,44.7054,88.2444
768.8334,0.2455,0.8117,-0.4398,30.4669,44.2447,88.3172
768.8445,0.2479,0.8103,-0.4447,30.6116,43.574,88.2157
768.8556,0.2505,0.8091,-0.4489,30.8114,43.0808,88.2507
768.8667,0.2528,0.8079,-0.4531,31.1883,42.6745,88.2855
768.8778,0.255,0.8068,-0.4573,31.4758,42.2608,88.3371
768.8889,0.2566,0.8057,-0.4611,31.5012,41.8387,88.4627
768.9,0.2581,0.8047,-0.4648,31.3849,41.3459,88.6121
768.9111,0.2596,0.8038,-0.4682,31.2213,40.6691,88.6792
768.9222,0.2608,0.8028,-0.4715,30.9128,40.0563,88.7464
768.9333,0.262,0.8017,-0.4749,30.6574,39.5207,88.7969
